22.000000
22.000000
22.000000
22.000000
22.000000
22.000000
22.000000
22.000000
22.000000
22.000000
22.000000
22.000000
24.000000
22.000000
27.000000
26.000000
22.000000
22.000000
24.000000
32.000000
22.000000
24.000000
22.000000
22.000000
30.000000
22.000000
22.000000
22.000000
22.000000
24.000000
24.000000
24.000000
22.000000
24.000000
22.000000
22.000000
22.000000
24.000000
22.000000
22.000000
24.000000
22.000000
24.000000
22.000000
22.000000
22.000000
22.000000
22.000000
22.000000
24.000000
22.000000
22.000000
22.000000
22.000000
24.000000
45.000000
22.000000
24.000000
42.000000
59.000000
24.000000
22.000000
22.000000
22.000000
38.000000
22.000000
22.000000
22.000000
31.000000
27.000000
24.000000
24.000000
74.000000
48.000000
22.000000
39.000000
54.000000
41.000000
22.000000
22.000000
44.000000
22.000000
61.000000
37.000000
22.000000
61.000000
22.000000
22.000000
22.000000
42.000000
24.000000
22.000000
22.000000
88.000000
22.000000
36.000000
22.000000
26.000000
22.000000
22.000000
44.000000
41.000000
26.000000
24.000000
36.000000
22.000000
22.000000
41.000000
22.000000
83.000000
83.000000
24.000000
22.000000
40.000000
24.000000
22.000000
40.000000
39.000000
22.000000
24.000000
