22.000000
22.000000
22.000000
22.000000
22.000000
22.000000
22.000000
27.000000
27.000000
22.000000
22.000000
22.000000
24.000000
24.000000
22.000000
24.000000
22.000000
22.000000
22.000000
24.000000
22.000000
22.000000
22.000000
22.000000
22.000000
22.000000
22.000000
22.000000
22.000000
38.000000
22.000000
79.000000
78.000000
22.000000
43.000000
59.000000
24.000000
32.000000
22.000000
22.000000
100.000000
84.000000
45.000000
22.000000
32.000000
68.000000
48.000000
86.000000
22.000000
22.000000
37.000000
29.000000
22.000000
60.000000
41.000000
24.000000
22.000000
100.000000
22.000000
22.000000
22.000000
22.000000
22.000000
71.000000
54.000000
22.000000
48.000000
22.000000
51.000000
22.000000
24.000000
22.000000
22.000000
100.000000
22.000000
22.000000
22.000000
22.000000
22.000000
22.000000
22.000000
22.000000
22.000000
33.000000
22.000000
24.000000
48.000000
22.000000
41.000000
69.000000
22.000000
22.000000
22.000000
22.000000
22.000000
22.000000
41.000000
29.000000
100.000000
29.000000
100.000000
37.000000
22.000000
65.000000
78.000000
24.000000
59.000000
24.000000
22.000000
22.000000
100.000000
22.000000
77.000000
61.000000
65.000000
50.000000
34.000000
66.000000
22.000000
51.000000
