22.000000
22.000000
22.000000
22.000000
22.000000
22.000000
22.000000
22.000000
22.000000
22.000000
22.000000
22.000000
22.000000
22.000000
22.000000
22.000000
22.000000
22.000000
24.000000
22.000000
22.000000
24.000000
22.000000
22.000000
22.000000
22.000000
24.000000
22.000000
22.000000
30.000000
22.000000
22.000000
26.000000
22.000000
24.000000
24.000000
82.000000
100.000000
44.000000
22.000000
22.000000
22.000000
87.000000
72.000000
90.000000
22.000000
22.000000
100.000000
53.000000
71.000000
91.000000
24.000000
40.000000
22.000000
63.000000
22.000000
51.000000
61.000000
52.000000
45.000000
22.000000
83.000000
66.000000
55.000000
36.000000
22.000000
22.000000
22.000000
22.000000
100.000000
97.000000
45.000000
22.000000
22.000000
22.000000
42.000000
22.000000
22.000000
22.000000
64.000000
22.000000
22.000000
22.000000
22.000000
22.000000
22.000000
22.000000
22.000000
22.000000
22.000000
24.000000
22.000000
22.000000
42.000000
29.000000
22.000000
100.000000
80.000000
53.000000
22.000000
39.000000
22.000000
22.000000
22.000000
33.000000
40.000000
22.000000
62.000000
24.000000
24.000000
71.000000
77.000000
22.000000
24.000000
22.000000
22.000000
41.000000
22.000000
22.000000
32.000000
