22.000000
22.000000
35.000000
32.000000
22.000000
22.000000
22.000000
22.000000
22.000000
22.000000
26.000000
22.000000
22.000000
24.000000
26.000000
22.000000
22.000000
22.000000
22.000000
22.000000
26.000000
46.000000
22.000000
58.000000
22.000000
22.000000
88.000000
58.000000
40.000000
32.000000
32.000000
22.000000
22.000000
22.000000
58.000000
22.000000
30.000000
22.000000
30.000000
22.000000
44.000000
59.000000
22.000000
22.000000
22.000000
47.000000
22.000000
22.000000
22.000000
22.000000
60.000000
22.000000
22.000000
33.000000
22.000000
22.000000
22.000000
22.000000
100.000000
22.000000
39.000000
56.000000
100.000000
22.000000
22.000000
100.000000
22.000000
44.000000
53.000000
22.000000
22.000000
22.000000
60.000000
28.000000
22.000000
22.000000
22.000000
22.000000
22.000000
22.000000
22.000000
29.000000
26.000000
22.000000
22.000000
22.000000
28.000000
22.000000
22.000000
22.000000
77.000000
36.000000
22.000000
49.000000
76.000000
22.000000
22.000000
22.000000
32.000000
22.000000
22.000000
22.000000
36.000000
44.000000
22.000000
22.000000
22.000000
22.000000
22.000000
72.000000
42.000000
28.000000
22.000000
36.000000
22.000000
44.000000
22.000000
22.000000
51.000000
22.000000
