22.000000
22.000000
24.000000
22.000000
22.000000
22.000000
22.000000
22.000000
22.000000
22.000000
22.000000
22.000000
94.000000
22.000000
22.000000
22.000000
45.000000
22.000000
22.000000
22.000000
22.000000
22.000000
22.000000
22.000000
24.000000
22.000000
22.000000
24.000000
22.000000
22.000000
30.000000
22.000000
50.000000
24.000000
39.000000
22.000000
46.000000
22.000000
22.000000
54.000000
22.000000
22.000000
24.000000
22.000000
22.000000
96.000000
22.000000
22.000000
22.000000
42.000000
22.000000
22.000000
22.000000
100.000000
22.000000
22.000000
22.000000
24.000000
22.000000
32.000000
61.000000
22.000000
100.000000
88.000000
22.000000
22.000000
22.000000
22.000000
69.000000
22.000000
56.000000
41.000000
83.000000
22.000000
22.000000
22.000000
22.000000
22.000000
22.000000
22.000000
22.000000
22.000000
65.000000
22.000000
22.000000
22.000000
22.000000
22.000000
27.000000
22.000000
24.000000
24.000000
22.000000
22.000000
22.000000
22.000000
65.000000
22.000000
22.000000
22.000000
22.000000
100.000000
69.000000
86.000000
40.000000
22.000000
22.000000
22.000000
24.000000
27.000000
22.000000
22.000000
59.000000
22.000000
24.000000
22.000000
26.000000
22.000000
22.000000
22.000000
