22.000000
22.000000
22.000000
22.000000
27.000000
22.000000
22.000000
22.000000
22.000000
22.000000
60.000000
24.000000
26.000000
22.000000
22.000000
22.000000
22.000000
22.000000
22.000000
22.000000
22.000000
26.000000
26.000000
26.000000
22.000000
22.000000
22.000000
22.000000
22.000000
24.000000
24.000000
22.000000
24.000000
64.000000
22.000000
22.000000
57.000000
36.000000
45.000000
22.000000
49.000000
22.000000
42.000000
22.000000
22.000000
60.000000
22.000000
26.000000
22.000000
100.000000
22.000000
94.000000
100.000000
22.000000
22.000000
27.000000
35.000000
94.000000
22.000000
22.000000
72.000000
22.000000
30.000000
85.000000
22.000000
68.000000
56.000000
47.000000
22.000000
22.000000
22.000000
100.000000
22.000000
22.000000
88.000000
32.000000
22.000000
66.000000
27.000000
22.000000
100.000000
22.000000
100.000000
22.000000
100.000000
24.000000
100.000000
22.000000
22.000000
34.000000
22.000000
100.000000
36.000000
50.000000
22.000000
95.000000
24.000000
24.000000
100.000000
22.000000
27.000000
38.000000
22.000000
22.000000
22.000000
59.000000
26.000000
76.000000
22.000000
22.000000
92.000000
75.000000
33.000000
24.000000
22.000000
22.000000
78.000000
60.000000
22.000000
100.000000
