22.000000
22.000000
22.000000
22.000000
22.000000
22.000000
22.000000
22.000000
27.000000
27.000000
22.000000
22.000000
27.000000
22.000000
22.000000
22.000000
22.000000
22.000000
22.000000
22.000000
22.000000
22.000000
24.000000
34.000000
22.000000
22.000000
22.000000
43.000000
42.000000
43.000000
22.000000
22.000000
83.000000
22.000000
22.000000
50.000000
22.000000
82.000000
22.000000
72.000000
22.000000
22.000000
58.000000
56.000000
56.000000
22.000000
46.000000
33.000000
22.000000
32.000000
93.000000
22.000000
22.000000
42.000000
38.000000
22.000000
22.000000
22.000000
22.000000
46.000000
86.000000
53.000000
22.000000
22.000000
22.000000
26.000000
22.000000
22.000000
22.000000
22.000000
22.000000
40.000000
22.000000
57.000000
22.000000
22.000000
22.000000
32.000000
22.000000
22.000000
22.000000
22.000000
22.000000
41.000000
22.000000
22.000000
22.000000
64.000000
55.000000
63.000000
22.000000
36.000000
32.000000
22.000000
36.000000
22.000000
65.000000
71.000000
22.000000
22.000000
22.000000
22.000000
35.000000
22.000000
22.000000
44.000000
92.000000
22.000000
22.000000
22.000000
22.000000
22.000000
22.000000
22.000000
22.000000
22.000000
28.000000
22.000000
28.000000
22.000000
