22.000000
22.000000
22.000000
22.000000
22.000000
22.000000
22.000000
22.000000
40.000000
22.000000
27.000000
22.000000
22.000000
22.000000
22.000000
22.000000
22.000000
22.000000
22.000000
22.000000
22.000000
22.000000
22.000000
22.000000
22.000000
22.000000
22.000000
22.000000
22.000000
22.000000
22.000000
22.000000
22.000000
22.000000
22.000000
22.000000
22.000000
22.000000
22.000000
22.000000
22.000000
26.000000
22.000000
22.000000
22.000000
22.000000
22.000000
22.000000
22.000000
22.000000
22.000000
22.000000
22.000000
22.000000
22.000000
22.000000
22.000000
22.000000
22.000000
22.000000
22.000000
52.000000
22.000000
28.000000
22.000000
22.000000
22.000000
22.000000
50.000000
22.000000
22.000000
49.000000
38.000000
22.000000
22.000000
22.000000
22.000000
22.000000
22.000000
22.000000
22.000000
22.000000
22.000000
46.000000
22.000000
22.000000
85.000000
22.000000
24.000000
54.000000
22.000000
22.000000
22.000000
22.000000
38.000000
22.000000
30.000000
22.000000
22.000000
22.000000
22.000000
62.000000
70.000000
22.000000
100.000000
37.000000
42.000000
57.000000
22.000000
98.000000
22.000000
22.000000
22.000000
22.000000
22.000000
22.000000
65.000000
36.000000
22.000000
22.000000
