42.000000
22.000000
22.000000
26.000000
22.000000
24.000000
22.000000
22.000000
22.000000
22.000000
22.000000
22.000000
22.000000
27.000000
22.000000
41.000000
28.000000
22.000000
22.000000
44.000000
22.000000
100.000000
26.000000
22.000000
24.000000
22.000000
22.000000
40.000000
22.000000
22.000000
22.000000
27.000000
52.000000
62.000000
22.000000
22.000000
42.000000
100.000000
26.000000
22.000000
22.000000
22.000000
22.000000
43.000000
22.000000
22.000000
66.000000
34.000000
26.000000
48.000000
40.000000
22.000000
22.000000
22.000000
27.000000
80.000000
26.000000
37.000000
38.000000
38.000000
22.000000
46.000000
22.000000
22.000000
22.000000
24.000000
22.000000
22.000000
38.000000
34.000000
42.000000
51.000000
22.000000
22.000000
22.000000
22.000000
62.000000
22.000000
44.000000
22.000000
22.000000
22.000000
22.000000
22.000000
100.000000
40.000000
56.000000
22.000000
22.000000
22.000000
48.000000
99.000000
32.000000
22.000000
22.000000
22.000000
100.000000
40.000000
22.000000
22.000000
38.000000
22.000000
44.000000
22.000000
22.000000
22.000000
22.000000
44.000000
93.000000
59.000000
52.000000
22.000000
22.000000
100.000000
22.000000
36.000000
27.000000
26.000000
46.000000
30.000000
