22.000000
24.000000
22.000000
22.000000
22.000000
24.000000
22.000000
22.000000
22.000000
22.000000
24.000000
22.000000
22.000000
22.000000
22.000000
22.000000
22.000000
22.000000
22.000000
24.000000
24.000000
22.000000
22.000000
22.000000
22.000000
22.000000
22.000000
22.000000
22.000000
22.000000
22.000000
22.000000
27.000000
59.000000
22.000000
35.000000
22.000000
22.000000
27.000000
55.000000
22.000000
22.000000
22.000000
22.000000
22.000000
22.000000
33.000000
22.000000
54.000000
43.000000
22.000000
22.000000
22.000000
22.000000
28.000000
92.000000
22.000000
40.000000
22.000000
64.000000
22.000000
22.000000
22.000000
24.000000
58.000000
22.000000
22.000000
22.000000
22.000000
22.000000
22.000000
27.000000
22.000000
22.000000
22.000000
43.000000
22.000000
22.000000
22.000000
22.000000
22.000000
68.000000
72.000000
22.000000
22.000000
22.000000
22.000000
27.000000
22.000000
31.000000
45.000000
28.000000
33.000000
22.000000
22.000000
75.000000
34.000000
100.000000
22.000000
49.000000
39.000000
61.000000
71.000000
60.000000
22.000000
51.000000
39.000000
49.000000
41.000000
76.000000
46.000000
33.000000
22.000000
22.000000
70.000000
24.000000
32.000000
22.000000
24.000000
22.000000
