22.000000
22.000000
30.000000
22.000000
22.000000
22.000000
22.000000
22.000000
22.000000
22.000000
22.000000
24.000000
22.000000
22.000000
24.000000
22.000000
22.000000
52.000000
22.000000
31.000000
22.000000
22.000000
22.000000
22.000000
22.000000
26.000000
72.000000
22.000000
22.000000
76.000000
22.000000
22.000000
22.000000
22.000000
22.000000
22.000000
26.000000
31.000000
22.000000
22.000000
22.000000
22.000000
26.000000
22.000000
22.000000
22.000000
26.000000
73.000000
22.000000
41.000000
48.000000
48.000000
41.000000
26.000000
24.000000
26.000000
26.000000
31.000000
22.000000
51.000000
26.000000
22.000000
22.000000
22.000000
38.000000
27.000000
22.000000
46.000000
24.000000
26.000000
26.000000
22.000000
26.000000
27.000000
22.000000
22.000000
24.000000
22.000000
24.000000
100.000000
65.000000
38.000000
27.000000
24.000000
41.000000
22.000000
22.000000
42.000000
26.000000
100.000000
49.000000
22.000000
46.000000
63.000000
33.000000
59.000000
22.000000
26.000000
22.000000
22.000000
22.000000
41.000000
32.000000
22.000000
50.000000
69.000000
61.000000
22.000000
22.000000
22.000000
27.000000
22.000000
22.000000
56.000000
22.000000
22.000000
48.000000
22.000000
22.000000
22.000000
