22.000000
22.000000
22.000000
22.000000
24.000000
22.000000
24.000000
22.000000
22.000000
22.000000
22.000000
22.000000
22.000000
24.000000
24.000000
22.000000
24.000000
22.000000
22.000000
22.000000
22.000000
22.000000
22.000000
22.000000
22.000000
81.000000
22.000000
24.000000
22.000000
22.000000
57.000000
24.000000
22.000000
24.000000
24.000000
24.000000
22.000000
22.000000
22.000000
24.000000
22.000000
24.000000
24.000000
27.000000
24.000000
22.000000
24.000000
24.000000
22.000000
37.000000
22.000000
22.000000
24.000000
22.000000
22.000000
22.000000
34.000000
24.000000
37.000000
22.000000
22.000000
22.000000
24.000000
100.000000
22.000000
45.000000
33.000000
24.000000
22.000000
22.000000
22.000000
42.000000
22.000000
39.000000
22.000000
24.000000
47.000000
49.000000
24.000000
22.000000
22.000000
22.000000
24.000000
22.000000
36.000000
53.000000
22.000000
24.000000
24.000000
22.000000
24.000000
56.000000
24.000000
22.000000
33.000000
22.000000
48.000000
22.000000
22.000000
22.000000
22.000000
22.000000
22.000000
22.000000
24.000000
22.000000
24.000000
61.000000
22.000000
43.000000
22.000000
22.000000
22.000000
22.000000
24.000000
24.000000
24.000000
22.000000
22.000000
24.000000
