24.000000
81.000000
22.000000
22.000000
22.000000
38.000000
22.000000
22.000000
24.000000
22.000000
22.000000
22.000000
22.000000
22.000000
22.000000
27.000000
22.000000
22.000000
22.000000
76.000000
22.000000
88.000000
22.000000
22.000000
32.000000
36.000000
70.000000
22.000000
22.000000
30.000000
22.000000
22.000000
22.000000
32.000000
22.000000
22.000000
22.000000
22.000000
29.000000
36.000000
40.000000
52.000000
22.000000
22.000000
22.000000
22.000000
22.000000
22.000000
27.000000
22.000000
22.000000
22.000000
22.000000
40.000000
40.000000
27.000000
22.000000
72.000000
22.000000
22.000000
60.000000
22.000000
22.000000
22.000000
22.000000
22.000000
22.000000
40.000000
22.000000
22.000000
22.000000
22.000000
83.000000
36.000000
40.000000
22.000000
22.000000
22.000000
22.000000
28.000000
36.000000
22.000000
22.000000
22.000000
22.000000
40.000000
22.000000
22.000000
32.000000
38.000000
28.000000
52.000000
22.000000
48.000000
22.000000
22.000000
22.000000
28.000000
22.000000
22.000000
22.000000
22.000000
22.000000
22.000000
22.000000
22.000000
22.000000
22.000000
36.000000
28.000000
22.000000
22.000000
22.000000
64.000000
36.000000
22.000000
80.000000
59.000000
22.000000
22.000000
