22.000000
22.000000
22.000000
22.000000
22.000000
50.000000
40.000000
97.000000
27.000000
22.000000
22.000000
24.000000
22.000000
22.000000
22.000000
46.000000
22.000000
54.000000
22.000000
22.000000
24.000000
26.000000
22.000000
22.000000
41.000000
56.000000
100.000000
22.000000
100.000000
22.000000
22.000000
54.000000
22.000000
22.000000
22.000000
100.000000
22.000000
34.000000
22.000000
22.000000
22.000000
22.000000
22.000000
22.000000
22.000000
22.000000
22.000000
31.000000
67.000000
22.000000
28.000000
22.000000
22.000000
22.000000
100.000000
22.000000
43.000000
22.000000
22.000000
100.000000
68.000000
61.000000
72.000000
22.000000
46.000000
100.000000
51.000000
22.000000
36.000000
22.000000
22.000000
22.000000
61.000000
22.000000
22.000000
36.000000
22.000000
22.000000
22.000000
32.000000
56.000000
28.000000
56.000000
48.000000
48.000000
22.000000
22.000000
22.000000
40.000000
22.000000
22.000000
28.000000
54.000000
22.000000
95.000000
32.000000
22.000000
36.000000
22.000000
39.000000
22.000000
100.000000
22.000000
22.000000
22.000000
22.000000
24.000000
28.000000
36.000000
22.000000
40.000000
37.000000
22.000000
22.000000
40.000000
51.000000
22.000000
22.000000
22.000000
45.000000
