22.000000
22.000000
24.000000
22.000000
22.000000
22.000000
22.000000
22.000000
22.000000
22.000000
22.000000
22.000000
22.000000
22.000000
22.000000
22.000000
22.000000
27.000000
27.000000
22.000000
34.000000
57.000000
48.000000
30.000000
22.000000
22.000000
22.000000
22.000000
22.000000
22.000000
48.000000
46.000000
22.000000
22.000000
24.000000
22.000000
22.000000
22.000000
22.000000
22.000000
64.000000
22.000000
87.000000
24.000000
22.000000
22.000000
22.000000
22.000000
27.000000
100.000000
44.000000
22.000000
22.000000
38.000000
22.000000
22.000000
22.000000
63.000000
26.000000
22.000000
26.000000
41.000000
26.000000
49.000000
22.000000
57.000000
22.000000
43.000000
26.000000
100.000000
43.000000
22.000000
22.000000
27.000000
22.000000
71.000000
68.000000
34.000000
22.000000
24.000000
22.000000
22.000000
22.000000
22.000000
24.000000
22.000000
100.000000
24.000000
22.000000
22.000000
44.000000
35.000000
22.000000
77.000000
22.000000
53.000000
22.000000
24.000000
22.000000
46.000000
22.000000
22.000000
22.000000
59.000000
59.000000
22.000000
83.000000
22.000000
22.000000
22.000000
22.000000
26.000000
26.000000
47.000000
22.000000
22.000000
22.000000
22.000000
22.000000
22.000000
