37.000000
22.000000
22.000000
22.000000
22.000000
22.000000
22.000000
22.000000
22.000000
22.000000
22.000000
22.000000
22.000000
22.000000
27.000000
22.000000
22.000000
22.000000
22.000000
24.000000
40.000000
24.000000
22.000000
22.000000
22.000000
22.000000
22.000000
26.000000
41.000000
22.000000
34.000000
22.000000
65.000000
27.000000
27.000000
41.000000
41.000000
22.000000
22.000000
22.000000
28.000000
22.000000
22.000000
28.000000
100.000000
24.000000
27.000000
81.000000
41.000000
27.000000
33.000000
22.000000
22.000000
22.000000
59.000000
22.000000
22.000000
22.000000
22.000000
22.000000
22.000000
24.000000
68.000000
28.000000
92.000000
22.000000
44.000000
22.000000
100.000000
22.000000
100.000000
67.000000
22.000000
22.000000
27.000000
22.000000
24.000000
22.000000
47.000000
22.000000
24.000000
22.000000
22.000000
22.000000
22.000000
100.000000
27.000000
63.000000
22.000000
22.000000
22.000000
22.000000
22.000000
22.000000
22.000000
22.000000
22.000000
22.000000
100.000000
22.000000
27.000000
36.000000
22.000000
27.000000
59.000000
79.000000
22.000000
22.000000
51.000000
22.000000
22.000000
24.000000
22.000000
22.000000
57.000000
22.000000
74.000000
49.000000
54.000000
24.000000
