22.000000
27.000000
26.000000
22.000000
22.000000
22.000000
22.000000
22.000000
22.000000
27.000000
33.000000
24.000000
27.000000
22.000000
22.000000
22.000000
22.000000
24.000000
56.000000
54.000000
34.000000
22.000000
22.000000
22.000000
22.000000
41.000000
24.000000
22.000000
36.000000
22.000000
22.000000
22.000000
22.000000
36.000000
22.000000
24.000000
22.000000
22.000000
22.000000
22.000000
22.000000
22.000000
24.000000
22.000000
22.000000
22.000000
32.000000
22.000000
22.000000
48.000000
30.000000
56.000000
24.000000
22.000000
22.000000
42.000000
22.000000
22.000000
22.000000
22.000000
24.000000
22.000000
24.000000
52.000000
100.000000
45.000000
22.000000
22.000000
24.000000
22.000000
22.000000
22.000000
22.000000
22.000000
22.000000
68.000000
51.000000
93.000000
22.000000
22.000000
100.000000
