22.000000
22.000000
22.000000
45.000000
35.000000
22.000000
22.000000
27.000000
40.000000
22.000000
22.000000
22.000000
22.000000
49.000000
22.000000
22.000000
22.000000
24.000000
22.000000
22.000000
22.000000
27.000000
27.000000
22.000000
22.000000
22.000000
22.000000
22.000000
24.000000
22.000000
54.000000
22.000000
58.000000
22.000000
62.000000
22.000000
22.000000
74.000000
22.000000
22.000000
22.000000
39.000000
100.000000
22.000000
22.000000
22.000000
22.000000
22.000000
22.000000
22.000000
22.000000
22.000000
22.000000
22.000000
22.000000
22.000000
22.000000
22.000000
22.000000
65.000000
100.000000
22.000000
38.000000
22.000000
22.000000
22.000000
22.000000
22.000000
38.000000
29.000000
22.000000
34.000000
33.000000
22.000000
22.000000
22.000000
22.000000
22.000000
26.000000
22.000000
56.000000
22.000000
48.000000
22.000000
41.000000
67.000000
22.000000
22.000000
58.000000
45.000000
22.000000
24.000000
22.000000
22.000000
22.000000
27.000000
22.000000
22.000000
22.000000
22.000000
61.000000
58.000000
22.000000
22.000000
22.000000
24.000000
62.000000
27.000000
37.000000
22.000000
22.000000
24.000000
22.000000
22.000000
22.000000
22.000000
24.000000
22.000000
22.000000
22.000000
