22.000000
22.000000
22.000000
24.000000
22.000000
22.000000
22.000000
24.000000
22.000000
22.000000
22.000000
22.000000
22.000000
22.000000
22.000000
22.000000
22.000000
22.000000
22.000000
22.000000
22.000000
27.000000
22.000000
22.000000
27.000000
22.000000
22.000000
22.000000
22.000000
22.000000
24.000000
22.000000
22.000000
22.000000
22.000000
27.000000
22.000000
22.000000
22.000000
27.000000
27.000000
22.000000
22.000000
22.000000
27.000000
22.000000
27.000000
44.000000
22.000000
45.000000
48.000000
22.000000
30.000000
100.000000
34.000000
94.000000
90.000000
92.000000
98.000000
22.000000
29.000000
22.000000
