22.000000
22.000000
22.000000
24.000000
22.000000
22.000000
22.000000
22.000000
22.000000
27.000000
22.000000
22.000000
22.000000
22.000000
22.000000
22.000000
22.000000
22.000000
22.000000
22.000000
22.000000
22.000000
22.000000
22.000000
22.000000
22.000000
22.000000
22.000000
27.000000
27.000000
22.000000
22.000000
27.000000
22.000000
27.000000
22.000000
27.000000
22.000000
22.000000
27.000000
22.000000
54.000000
22.000000
22.000000
22.000000
42.000000
22.000000
40.000000
65.000000
32.000000
41.000000
38.000000
59.000000
22.000000
22.000000
78.000000
22.000000
22.000000
48.000000
22.000000
77.000000
76.000000
22.000000
22.000000
22.000000
22.000000
22.000000
42.000000
53.000000
100.000000
22.000000
40.000000
22.000000
22.000000
26.000000
22.000000
38.000000
22.000000
51.000000
59.000000
47.000000
22.000000
30.000000
22.000000
34.000000
22.000000
22.000000
22.000000
32.000000
22.000000
22.000000
61.000000
22.000000
30.000000
22.000000
26.000000
22.000000
30.000000
42.000000
22.000000
22.000000
22.000000
22.000000
22.000000
92.000000
22.000000
22.000000
28.000000
22.000000
22.000000
22.000000
22.000000
22.000000
22.000000
41.000000
22.000000
22.000000
46.000000
27.000000
35.000000
