22.000000
22.000000
22.000000
22.000000
22.000000
22.000000
22.000000
24.000000
24.000000
22.000000
22.000000
22.000000
22.000000
71.000000
22.000000
22.000000
48.000000
34.000000
22.000000
22.000000
54.000000
22.000000
43.000000
22.000000
22.000000
22.000000
22.000000
22.000000
39.000000
22.000000
38.000000
32.000000
22.000000
22.000000
22.000000
22.000000
22.000000
24.000000
100.000000
48.000000
22.000000
22.000000
22.000000
22.000000
31.000000
22.000000
22.000000
100.000000
59.000000
62.000000
22.000000
22.000000
22.000000
22.000000
79.000000
22.000000
33.000000
22.000000
22.000000
22.000000
36.000000
22.000000
22.000000
44.000000
22.000000
34.000000
22.000000
26.000000
22.000000
22.000000
22.000000
36.000000
94.000000
22.000000
22.000000
43.000000
91.000000
22.000000
31.000000
22.000000
27.000000
49.000000
22.000000
27.000000
22.000000
22.000000
22.000000
22.000000
22.000000
22.000000
36.000000
22.000000
22.000000
63.000000
22.000000
22.000000
27.000000
22.000000
22.000000
22.000000
22.000000
22.000000
22.000000
22.000000
28.000000
33.000000
22.000000
22.000000
85.000000
22.000000
52.000000
27.000000
22.000000
22.000000
22.000000
22.000000
22.000000
34.000000
22.000000
22.000000
