24.000000
22.000000
22.000000
22.000000
22.000000
22.000000
22.000000
22.000000
22.000000
22.000000
22.000000
22.000000
22.000000
22.000000
41.000000
24.000000
22.000000
94.000000
38.000000
24.000000
22.000000
22.000000
22.000000
22.000000
22.000000
22.000000
57.000000
22.000000
22.000000
22.000000
22.000000
22.000000
22.000000
22.000000
22.000000
22.000000
22.000000
22.000000
22.000000
26.000000
22.000000
22.000000
22.000000
22.000000
32.000000
22.000000
22.000000
22.000000
22.000000
22.000000
22.000000
22.000000
22.000000
100.000000
22.000000
22.000000
40.000000
22.000000
75.000000
52.000000
29.000000
53.000000
22.000000
22.000000
22.000000
75.000000
22.000000
31.000000
22.000000
22.000000
24.000000
22.000000
22.000000
22.000000
59.000000
75.000000
43.000000
22.000000
22.000000
26.000000
47.000000
47.000000
22.000000
49.000000
43.000000
53.000000
22.000000
89.000000
22.000000
26.000000
22.000000
26.000000
100.000000
22.000000
39.000000
26.000000
22.000000
26.000000
26.000000
100.000000
42.000000
38.000000
47.000000
44.000000
26.000000
44.000000
26.000000
22.000000
22.000000
24.000000
40.000000
41.000000
68.000000
22.000000
22.000000
22.000000
41.000000
26.000000
68.000000
41.000000
