27.000000
22.000000
22.000000
29.000000
56.000000
22.000000
64.000000
22.000000
22.000000
96.000000
49.000000
49.000000
22.000000
30.000000
66.000000
22.000000
22.000000
22.000000
22.000000
22.000000
37.000000
22.000000
57.000000
22.000000
26.000000
22.000000
22.000000
22.000000
22.000000
22.000000
22.000000
69.000000
22.000000
39.000000
100.000000
43.000000
22.000000
53.000000
22.000000
40.000000
22.000000
22.000000
22.000000
22.000000
58.000000
22.000000
52.000000
22.000000
22.000000
22.000000
40.000000
22.000000
28.000000
22.000000
22.000000
53.000000
22.000000
26.000000
62.000000
28.000000
96.000000
43.000000
36.000000
100.000000
22.000000
22.000000
22.000000
22.000000
22.000000
22.000000
22.000000
22.000000
66.000000
41.000000
22.000000
22.000000
22.000000
22.000000
22.000000
27.000000
22.000000
22.000000
22.000000
28.000000
48.000000
42.000000
22.000000
22.000000
32.000000
22.000000
70.000000
84.000000
28.000000
22.000000
22.000000
28.000000
22.000000
36.000000
38.000000
60.000000
22.000000
22.000000
22.000000
57.000000
22.000000
78.000000
32.000000
74.000000
44.000000
22.000000
22.000000
37.000000
42.000000
41.000000
22.000000
26.000000
30.000000
38.000000
22.000000
22.000000
