22.000000
22.000000
22.000000
22.000000
22.000000
24.000000
22.000000
22.000000
22.000000
22.000000
22.000000
22.000000
22.000000
22.000000
41.000000
24.000000
22.000000
22.000000
22.000000
22.000000
27.000000
22.000000
22.000000
22.000000
22.000000
22.000000
22.000000
65.000000
22.000000
22.000000
22.000000
22.000000
22.000000
67.000000
22.000000
42.000000
22.000000
22.000000
22.000000
67.000000
22.000000
22.000000
47.000000
41.000000
22.000000
24.000000
22.000000
26.000000
22.000000
22.000000
43.000000
24.000000
24.000000
22.000000
22.000000
44.000000
22.000000
36.000000
22.000000
64.000000
22.000000
26.000000
22.000000
35.000000
44.000000
22.000000
94.000000
40.000000
60.000000
24.000000
60.000000
75.000000
24.000000
24.000000
22.000000
42.000000
24.000000
22.000000
49.000000
22.000000
24.000000
22.000000
100.000000
22.000000
24.000000
48.000000
22.000000
30.000000
22.000000
37.000000
68.000000
37.000000
22.000000
76.000000
22.000000
22.000000
22.000000
74.000000
58.000000
65.000000
52.000000
22.000000
26.000000
22.000000
22.000000
22.000000
24.000000
22.000000
22.000000
39.000000
62.000000
22.000000
22.000000
22.000000
22.000000
26.000000
22.000000
36.000000
24.000000
54.000000
