22.000000
22.000000
22.000000
22.000000
22.000000
22.000000
22.000000
64.000000
22.000000
22.000000
24.000000
22.000000
22.000000
22.000000
22.000000
24.000000
22.000000
22.000000
24.000000
24.000000
30.000000
22.000000
22.000000
22.000000
34.000000
22.000000
22.000000
22.000000
22.000000
22.000000
30.000000
22.000000
22.000000
22.000000
22.000000
22.000000
79.000000
47.000000
22.000000
40.000000
22.000000
22.000000
24.000000
22.000000
51.000000
27.000000
22.000000
56.000000
100.000000
37.000000
22.000000
22.000000
91.000000
22.000000
22.000000
22.000000
22.000000
22.000000
24.000000
22.000000
41.000000
22.000000
22.000000
27.000000
27.000000
41.000000
22.000000
52.000000
22.000000
22.000000
22.000000
22.000000
22.000000
71.000000
22.000000
22.000000
22.000000
22.000000
40.000000
30.000000
24.000000
47.000000
48.000000
24.000000
22.000000
43.000000
22.000000
22.000000
24.000000
22.000000
22.000000
58.000000
27.000000
22.000000
100.000000
60.000000
22.000000
24.000000
42.000000
37.000000
24.000000
22.000000
24.000000
26.000000
22.000000
89.000000
100.000000
30.000000
22.000000
22.000000
24.000000
24.000000
24.000000
41.000000
22.000000
22.000000
22.000000
67.000000
52.000000
37.000000
