22.000000
22.000000
22.000000
22.000000
22.000000
22.000000
22.000000
22.000000
24.000000
22.000000
22.000000
22.000000
22.000000
22.000000
39.000000
22.000000
22.000000
22.000000
22.000000
22.000000
22.000000
65.000000
51.000000
22.000000
22.000000
22.000000
80.000000
75.000000
22.000000
22.000000
22.000000
68.000000
22.000000
22.000000
22.000000
100.000000
22.000000
22.000000
22.000000
22.000000
22.000000
24.000000
27.000000
22.000000
56.000000
22.000000
22.000000
22.000000
22.000000
22.000000
22.000000
24.000000
22.000000
30.000000
22.000000
22.000000
22.000000
22.000000
22.000000
27.000000
22.000000
24.000000
24.000000
22.000000
22.000000
100.000000
24.000000
24.000000
34.000000
22.000000
26.000000
24.000000
61.000000
22.000000
22.000000
49.000000
22.000000
75.000000
22.000000
37.000000
54.000000
35.000000
22.000000
22.000000
22.000000
24.000000
22.000000
22.000000
22.000000
22.000000
22.000000
22.000000
27.000000
22.000000
22.000000
22.000000
74.000000
22.000000
22.000000
31.000000
22.000000
22.000000
22.000000
45.000000
71.000000
38.000000
22.000000
22.000000
22.000000
24.000000
24.000000
40.000000
37.000000
22.000000
100.000000
22.000000
22.000000
22.000000
24.000000
22.000000
