22.000000
22.000000
22.000000
22.000000
22.000000
27.000000
27.000000
22.000000
24.000000
22.000000
22.000000
22.000000
22.000000
24.000000
24.000000
22.000000
27.000000
22.000000
22.000000
22.000000
22.000000
26.000000
27.000000
27.000000
22.000000
22.000000
22.000000
27.000000
22.000000
26.000000
37.000000
27.000000
26.000000
42.000000
22.000000
22.000000
22.000000
22.000000
24.000000
26.000000
22.000000
22.000000
22.000000
22.000000
22.000000
24.000000
22.000000
26.000000
41.000000
22.000000
22.000000
24.000000
39.000000
22.000000
22.000000
22.000000
26.000000
22.000000
26.000000
26.000000
34.000000
91.000000
42.000000
22.000000
22.000000
22.000000
50.000000
38.000000
27.000000
22.000000
22.000000
44.000000
27.000000
22.000000
22.000000
22.000000
59.000000
22.000000
67.000000
22.000000
22.000000
22.000000
27.000000
22.000000
22.000000
22.000000
68.000000
22.000000
22.000000
22.000000
27.000000
24.000000
22.000000
22.000000
22.000000
22.000000
46.000000
22.000000
22.000000
22.000000
22.000000
22.000000
22.000000
22.000000
24.000000
22.000000
46.000000
22.000000
22.000000
22.000000
22.000000
22.000000
22.000000
22.000000
35.000000
22.000000
22.000000
22.000000
24.000000
24.000000
