22.000000
22.000000
22.000000
22.000000
22.000000
22.000000
22.000000
22.000000
22.000000
24.000000
22.000000
22.000000
22.000000
22.000000
22.000000
22.000000
22.000000
22.000000
22.000000
22.000000
24.000000
22.000000
22.000000
22.000000
22.000000
22.000000
22.000000
22.000000
22.000000
22.000000
22.000000
22.000000
22.000000
58.000000
34.000000
30.000000
100.000000
22.000000
22.000000
22.000000
37.000000
22.000000
22.000000
22.000000
22.000000
45.000000
22.000000
24.000000
40.000000
100.000000
22.000000
22.000000
63.000000
22.000000
22.000000
43.000000
22.000000
37.000000
22.000000
76.000000
32.000000
100.000000
22.000000
22.000000
22.000000
46.000000
22.000000
24.000000
60.000000
22.000000
24.000000
41.000000
22.000000
22.000000
24.000000
22.000000
22.000000
22.000000
98.000000
22.000000
22.000000
22.000000
