22.000000
22.000000
22.000000
22.000000
22.000000
22.000000
22.000000
22.000000
22.000000
22.000000
22.000000
22.000000
22.000000
34.000000
22.000000
22.000000
22.000000
22.000000
22.000000
24.000000
22.000000
22.000000
37.000000
22.000000
22.000000
22.000000
22.000000
22.000000
22.000000
22.000000
22.000000
22.000000
22.000000
22.000000
37.000000
22.000000
22.000000
22.000000
26.000000
22.000000
22.000000
22.000000
26.000000
34.000000
47.000000
34.000000
22.000000
42.000000
22.000000
22.000000
62.000000
22.000000
22.000000
22.000000
22.000000
62.000000
22.000000
56.000000
40.000000
22.000000
22.000000
32.000000
22.000000
22.000000
22.000000
22.000000
22.000000
22.000000
22.000000
22.000000
22.000000
22.000000
60.000000
22.000000
22.000000
22.000000
22.000000
22.000000
22.000000
26.000000
51.000000
22.000000
22.000000
22.000000
75.000000
31.000000
22.000000
22.000000
36.000000
22.000000
33.000000
22.000000
22.000000
30.000000
63.000000
38.000000
22.000000
22.000000
22.000000
22.000000
45.000000
44.000000
26.000000
22.000000
22.000000
64.000000
22.000000
30.000000
29.000000
22.000000
28.000000
62.000000
34.000000
31.000000
22.000000
22.000000
58.000000
22.000000
42.000000
22.000000
