22.000000
22.000000
22.000000
27.000000
22.000000
22.000000
22.000000
22.000000
22.000000
22.000000
22.000000
22.000000
22.000000
22.000000
22.000000
22.000000
30.000000
22.000000
22.000000
22.000000
22.000000
22.000000
22.000000
22.000000
24.000000
30.000000
22.000000
24.000000
22.000000
22.000000
22.000000
24.000000
24.000000
24.000000
22.000000
22.000000
22.000000
22.000000
36.000000
22.000000
22.000000
22.000000
46.000000
24.000000
22.000000
24.000000
22.000000
22.000000
22.000000
24.000000
22.000000
22.000000
22.000000
24.000000
22.000000
22.000000
22.000000
24.000000
24.000000
22.000000
22.000000
22.000000
22.000000
24.000000
22.000000
22.000000
24.000000
22.000000
24.000000
22.000000
22.000000
41.000000
22.000000
95.000000
22.000000
38.000000
40.000000
22.000000
24.000000
22.000000
22.000000
48.000000
32.000000
22.000000
22.000000
22.000000
22.000000
22.000000
22.000000
22.000000
60.000000
22.000000
22.000000
22.000000
28.000000
71.000000
22.000000
36.000000
28.000000
38.000000
22.000000
43.000000
22.000000
22.000000
43.000000
22.000000
22.000000
35.000000
76.000000
82.000000
52.000000
22.000000
22.000000
31.000000
22.000000
22.000000
72.000000
49.000000
22.000000
43.000000
