22.000000
22.000000
22.000000
22.000000
50.000000
22.000000
22.000000
22.000000
24.000000
22.000000
22.000000
47.000000
27.000000
22.000000
75.000000
24.000000
22.000000
68.000000
37.000000
22.000000
22.000000
22.000000
22.000000
22.000000
22.000000
30.000000
90.000000
36.000000
40.000000
22.000000
22.000000
22.000000
69.000000
63.000000
22.000000
24.000000
39.000000
22.000000
22.000000
41.000000
22.000000
87.000000
22.000000
22.000000
56.000000
100.000000
22.000000
22.000000
56.000000
27.000000
22.000000
22.000000
22.000000
58.000000
74.000000
40.000000
22.000000
22.000000
96.000000
35.000000
47.000000
64.000000
87.000000
22.000000
31.000000
50.000000
75.000000
33.000000
100.000000
22.000000
22.000000
27.000000
22.000000
56.000000
82.000000
100.000000
35.000000
22.000000
40.000000
22.000000
100.000000
46.000000
22.000000
22.000000
58.000000
50.000000
42.000000
38.000000
42.000000
22.000000
55.000000
22.000000
71.000000
22.000000
65.000000
99.000000
87.000000
22.000000
22.000000
53.000000
22.000000
22.000000
65.000000
22.000000
22.000000
22.000000
44.000000
41.000000
81.000000
47.000000
26.000000
24.000000
22.000000
27.000000
92.000000
44.000000
22.000000
22.000000
24.000000
47.000000
