22.000000
22.000000
22.000000
22.000000
22.000000
22.000000
22.000000
22.000000
22.000000
22.000000
22.000000
22.000000
22.000000
22.000000
22.000000
22.000000
27.000000
27.000000
22.000000
27.000000
22.000000
27.000000
22.000000
22.000000
26.000000
22.000000
22.000000
22.000000
22.000000
22.000000
22.000000
24.000000
22.000000
22.000000
22.000000
22.000000
22.000000
41.000000
22.000000
35.000000
22.000000
22.000000
22.000000
22.000000
22.000000
24.000000
27.000000
27.000000
22.000000
22.000000
22.000000
22.000000
22.000000
22.000000
27.000000
22.000000
81.000000
22.000000
68.000000
22.000000
26.000000
22.000000
57.000000
22.000000
22.000000
22.000000
22.000000
22.000000
36.000000
39.000000
22.000000
100.000000
22.000000
22.000000
36.000000
39.000000
22.000000
35.000000
22.000000
22.000000
33.000000
22.000000
22.000000
22.000000
22.000000
28.000000
22.000000
22.000000
22.000000
34.000000
22.000000
22.000000
22.000000
22.000000
22.000000
22.000000
22.000000
80.000000
26.000000
22.000000
40.000000
22.000000
22.000000
22.000000
22.000000
100.000000
61.000000
24.000000
22.000000
22.000000
22.000000
29.000000
22.000000
76.000000
24.000000
22.000000
63.000000
100.000000
22.000000
84.000000
