22.000000
22.000000
24.000000
22.000000
24.000000
24.000000
22.000000
22.000000
22.000000
24.000000
22.000000
22.000000
24.000000
22.000000
22.000000
22.000000
42.000000
22.000000
22.000000
22.000000
22.000000
22.000000
24.000000
24.000000
22.000000
22.000000
24.000000
24.000000
24.000000
22.000000
24.000000
24.000000
22.000000
24.000000
24.000000
22.000000
22.000000
22.000000
24.000000
22.000000
22.000000
35.000000
24.000000
34.000000
22.000000
22.000000
24.000000
22.000000
58.000000
24.000000
24.000000
22.000000
24.000000
22.000000
22.000000
31.000000
24.000000
22.000000
22.000000
22.000000
24.000000
