22.000000
24.000000
22.000000
22.000000
22.000000
24.000000
26.000000
24.000000
22.000000
22.000000
33.000000
24.000000
22.000000
24.000000
22.000000
22.000000
22.000000
22.000000
22.000000
22.000000
24.000000
22.000000
49.000000
22.000000
22.000000
22.000000
22.000000
52.000000
22.000000
22.000000
72.000000
22.000000
22.000000
22.000000
63.000000
67.000000
44.000000
22.000000
22.000000
46.000000
22.000000
51.000000
22.000000
22.000000
22.000000
74.000000
22.000000
71.000000
34.000000
30.000000
22.000000
22.000000
22.000000
22.000000
33.000000
22.000000
61.000000
85.000000
22.000000
73.000000
62.000000
42.000000
24.000000
22.000000
22.000000
22.000000
22.000000
22.000000
22.000000
24.000000
22.000000
22.000000
41.000000
22.000000
63.000000
22.000000
22.000000
22.000000
22.000000
65.000000
22.000000
22.000000
22.000000
22.000000
37.000000
22.000000
22.000000
22.000000
62.000000
22.000000
22.000000
22.000000
22.000000
22.000000
51.000000
22.000000
22.000000
47.000000
34.000000
84.000000
46.000000
22.000000
22.000000
22.000000
22.000000
77.000000
83.000000
33.000000
57.000000
93.000000
22.000000
22.000000
22.000000
31.000000
22.000000
22.000000
100.000000
22.000000
24.000000
22.000000
