22.000000
22.000000
22.000000
24.000000
22.000000
22.000000
22.000000
22.000000
31.000000
22.000000
22.000000
22.000000
22.000000
32.000000
22.000000
22.000000
22.000000
22.000000
22.000000
22.000000
22.000000
22.000000
22.000000
22.000000
22.000000
22.000000
22.000000
22.000000
22.000000
22.000000
22.000000
22.000000
22.000000
22.000000
22.000000
22.000000
26.000000
22.000000
27.000000
22.000000
22.000000
22.000000
24.000000
22.000000
44.000000
24.000000
22.000000
22.000000
22.000000
38.000000
22.000000
22.000000
22.000000
22.000000
27.000000
54.000000
24.000000
22.000000
46.000000
33.000000
22.000000
22.000000
22.000000
22.000000
27.000000
41.000000
28.000000
22.000000
22.000000
22.000000
27.000000
22.000000
27.000000
37.000000
34.000000
22.000000
24.000000
24.000000
22.000000
22.000000
22.000000
34.000000
22.000000
26.000000
22.000000
22.000000
24.000000
22.000000
27.000000
52.000000
22.000000
30.000000
22.000000
22.000000
27.000000
22.000000
22.000000
22.000000
33.000000
22.000000
22.000000
22.000000
22.000000
22.000000
37.000000
22.000000
22.000000
22.000000
27.000000
41.000000
22.000000
43.000000
22.000000
22.000000
22.000000
22.000000
22.000000
22.000000
22.000000
26.000000
