22.000000
22.000000
22.000000
22.000000
22.000000
27.000000
22.000000
22.000000
27.000000
22.000000
22.000000
22.000000
22.000000
22.000000
24.000000
22.000000
22.000000
24.000000
35.000000
22.000000
22.000000
22.000000
22.000000
22.000000
55.000000
22.000000
24.000000
24.000000
22.000000
84.000000
22.000000
22.000000
22.000000
22.000000
63.000000
22.000000
22.000000
22.000000
22.000000
22.000000
27.000000
51.000000
22.000000
22.000000
34.000000
54.000000
83.000000
22.000000
54.000000
24.000000
22.000000
22.000000
22.000000
22.000000
24.000000
22.000000
33.000000
24.000000
24.000000
22.000000
57.000000
22.000000
24.000000
24.000000
22.000000
22.000000
41.000000
22.000000
22.000000
22.000000
22.000000
24.000000
24.000000
52.000000
24.000000
24.000000
22.000000
100.000000
22.000000
22.000000
22.000000
100.000000
22.000000
22.000000
29.000000
89.000000
22.000000
24.000000
22.000000
22.000000
24.000000
22.000000
22.000000
73.000000
59.000000
22.000000
22.000000
22.000000
29.000000
40.000000
37.000000
69.000000
67.000000
24.000000
74.000000
46.000000
22.000000
22.000000
22.000000
32.000000
22.000000
22.000000
22.000000
24.000000
24.000000
64.000000
95.000000
22.000000
29.000000
22.000000
