22.000000
22.000000
22.000000
22.000000
22.000000
22.000000
22.000000
53.000000
56.000000
22.000000
79.000000
30.000000
22.000000
22.000000
61.000000
22.000000
40.000000
22.000000
22.000000
22.000000
88.000000
22.000000
28.000000
42.000000
22.000000
22.000000
28.000000
22.000000
22.000000
22.000000
43.000000
100.000000
22.000000
40.000000
58.000000
22.000000
22.000000
22.000000
24.000000
22.000000
22.000000
22.000000
22.000000
22.000000
22.000000
57.000000
22.000000
22.000000
22.000000
22.000000
22.000000
22.000000
22.000000
22.000000
40.000000
22.000000
22.000000
28.000000
22.000000
22.000000
22.000000
22.000000
22.000000
45.000000
36.000000
22.000000
22.000000
22.000000
22.000000
71.000000
39.000000
53.000000
22.000000
22.000000
22.000000
22.000000
22.000000
28.000000
22.000000
31.000000
45.000000
74.000000
22.000000
22.000000
22.000000
22.000000
83.000000
22.000000
40.000000
22.000000
22.000000
78.000000
22.000000
56.000000
75.000000
30.000000
31.000000
22.000000
22.000000
30.000000
30.000000
22.000000
22.000000
22.000000
22.000000
32.000000
22.000000
73.000000
22.000000
22.000000
41.000000
56.000000
33.000000
22.000000
22.000000
47.000000
40.000000
22.000000
30.000000
22.000000
