22.000000
27.000000
22.000000
22.000000
22.000000
22.000000
24.000000
22.000000
22.000000
22.000000
22.000000
22.000000
22.000000
24.000000
22.000000
22.000000
22.000000
22.000000
22.000000
22.000000
22.000000
22.000000
41.000000
22.000000
22.000000
22.000000
22.000000
24.000000
22.000000
22.000000
22.000000
24.000000
22.000000
22.000000
24.000000
27.000000
22.000000
48.000000
22.000000
41.000000
27.000000
22.000000
49.000000
27.000000
22.000000
22.000000
22.000000
22.000000
27.000000
22.000000
27.000000
22.000000
22.000000
97.000000
91.000000
22.000000
22.000000
22.000000
22.000000
22.000000
22.000000
22.000000
22.000000
22.000000
22.000000
22.000000
22.000000
22.000000
35.000000
49.000000
48.000000
51.000000
22.000000
22.000000
22.000000
61.000000
22.000000
22.000000
22.000000
100.000000
22.000000
22.000000
27.000000
37.000000
38.000000
28.000000
22.000000
83.000000
41.000000
22.000000
40.000000
32.000000
22.000000
22.000000
53.000000
22.000000
34.000000
22.000000
22.000000
22.000000
22.000000
75.000000
22.000000
22.000000
22.000000
52.000000
43.000000
28.000000
31.000000
22.000000
22.000000
22.000000
22.000000
22.000000
32.000000
22.000000
22.000000
22.000000
22.000000
57.000000
