22.000000
24.000000
22.000000
22.000000
22.000000
22.000000
22.000000
22.000000
24.000000
24.000000
22.000000
22.000000
22.000000
22.000000
22.000000
22.000000
22.000000
22.000000
22.000000
24.000000
24.000000
22.000000
24.000000
22.000000
22.000000
22.000000
22.000000
24.000000
22.000000
24.000000
26.000000
22.000000
28.000000
22.000000
22.000000
22.000000
22.000000
47.000000
22.000000
74.000000
22.000000
22.000000
22.000000
36.000000
57.000000
22.000000
22.000000
22.000000
22.000000
22.000000
27.000000
38.000000
22.000000
33.000000
22.000000
22.000000
22.000000
24.000000
22.000000
22.000000
22.000000
22.000000
24.000000
39.000000
22.000000
27.000000
50.000000
44.000000
32.000000
38.000000
22.000000
24.000000
22.000000
22.000000
22.000000
37.000000
27.000000
22.000000
22.000000
76.000000
22.000000
22.000000
29.000000
40.000000
41.000000
31.000000
22.000000
22.000000
22.000000
22.000000
22.000000
80.000000
33.000000
22.000000
22.000000
22.000000
22.000000
22.000000
22.000000
22.000000
31.000000
69.000000
53.000000
35.000000
22.000000
26.000000
39.000000
31.000000
40.000000
22.000000
27.000000
69.000000
22.000000
62.000000
65.000000
22.000000
44.000000
33.000000
31.000000
22.000000
