22.000000
22.000000
22.000000
22.000000
22.000000
22.000000
22.000000
22.000000
24.000000
22.000000
22.000000
22.000000
22.000000
22.000000
22.000000
24.000000
22.000000
22.000000
22.000000
22.000000
22.000000
22.000000
24.000000
22.000000
22.000000
22.000000
22.000000
22.000000
22.000000
52.000000
22.000000
42.000000
22.000000
22.000000
22.000000
45.000000
22.000000
22.000000
22.000000
78.000000
62.000000
22.000000
22.000000
22.000000
40.000000
22.000000
22.000000
28.000000
100.000000
22.000000
22.000000
40.000000
45.000000
22.000000
22.000000
22.000000
22.000000
22.000000
46.000000
22.000000
27.000000
50.000000
22.000000
38.000000
22.000000
48.000000
22.000000
24.000000
22.000000
22.000000
86.000000
22.000000
22.000000
22.000000
71.000000
22.000000
22.000000
22.000000
22.000000
22.000000
22.000000
52.000000
22.000000
22.000000
27.000000
22.000000
46.000000
69.000000
22.000000
68.000000
22.000000
22.000000
22.000000
22.000000
22.000000
22.000000
22.000000
22.000000
22.000000
22.000000
22.000000
69.000000
70.000000
22.000000
22.000000
22.000000
22.000000
32.000000
67.000000
22.000000
27.000000
100.000000
33.000000
22.000000
22.000000
22.000000
22.000000
22.000000
22.000000
22.000000
