22.000000
33.000000
22.000000
22.000000
22.000000
22.000000
24.000000
22.000000
22.000000
22.000000
24.000000
22.000000
22.000000
22.000000
22.000000
22.000000
22.000000
22.000000
22.000000
22.000000
22.000000
22.000000
22.000000
22.000000
42.000000
22.000000
22.000000
22.000000
28.000000
33.000000
22.000000
22.000000
30.000000
22.000000
37.000000
22.000000
22.000000
46.000000
22.000000
22.000000
46.000000
35.000000
40.000000
55.000000
59.000000
22.000000
89.000000
22.000000
22.000000
40.000000
22.000000
22.000000
22.000000
22.000000
22.000000
34.000000
33.000000
36.000000
22.000000
22.000000
30.000000
28.000000
22.000000
22.000000
22.000000
22.000000
46.000000
22.000000
22.000000
22.000000
26.000000
22.000000
22.000000
33.000000
22.000000
22.000000
22.000000
55.000000
22.000000
22.000000
30.000000
22.000000
31.000000
22.000000
22.000000
22.000000
22.000000
22.000000
22.000000
22.000000
84.000000
22.000000
22.000000
22.000000
29.000000
22.000000
63.000000
22.000000
24.000000
33.000000
22.000000
22.000000
22.000000
22.000000
22.000000
48.000000
22.000000
22.000000
48.000000
24.000000
41.000000
22.000000
22.000000
53.000000
22.000000
22.000000
22.000000
22.000000
22.000000
22.000000
