22.000000
27.000000
22.000000
22.000000
22.000000
22.000000
27.000000
24.000000
22.000000
22.000000
22.000000
22.000000
24.000000
22.000000
31.000000
41.000000
22.000000
22.000000
42.000000
27.000000
22.000000
22.000000
22.000000
22.000000
22.000000
22.000000
22.000000
67.000000
22.000000
28.000000
22.000000
22.000000
22.000000
44.000000
47.000000
22.000000
99.000000
22.000000
56.000000
37.000000
48.000000
22.000000
62.000000
22.000000
22.000000
22.000000
46.000000
39.000000
22.000000
28.000000
66.000000
22.000000
28.000000
64.000000
22.000000
22.000000
38.000000
52.000000
62.000000
24.000000
29.000000
60.000000
66.000000
27.000000
22.000000
22.000000
22.000000
68.000000
33.000000
22.000000
22.000000
28.000000
22.000000
24.000000
22.000000
22.000000
22.000000
24.000000
40.000000
22.000000
59.000000
22.000000
22.000000
22.000000
39.000000
22.000000
22.000000
24.000000
22.000000
22.000000
22.000000
22.000000
58.000000
22.000000
22.000000
24.000000
22.000000
41.000000
22.000000
79.000000
39.000000
29.000000
24.000000
22.000000
22.000000
22.000000
49.000000
41.000000
52.000000
22.000000
22.000000
22.000000
24.000000
58.000000
22.000000
46.000000
22.000000
22.000000
56.000000
22.000000
