22.000000
22.000000
22.000000
27.000000
22.000000
22.000000
22.000000
22.000000
27.000000
22.000000
22.000000
22.000000
22.000000
22.000000
22.000000
22.000000
22.000000
31.000000
22.000000
22.000000
22.000000
24.000000
22.000000
22.000000
22.000000
22.000000
22.000000
22.000000
40.000000
22.000000
22.000000
22.000000
22.000000
22.000000
22.000000
27.000000
24.000000
24.000000
26.000000
22.000000
22.000000
22.000000
22.000000
22.000000
24.000000
22.000000
22.000000
33.000000
22.000000
22.000000
22.000000
32.000000
22.000000
22.000000
22.000000
26.000000
26.000000
22.000000
24.000000
38.000000
24.000000
27.000000
22.000000
22.000000
22.000000
22.000000
22.000000
22.000000
22.000000
22.000000
60.000000
22.000000
22.000000
22.000000
22.000000
82.000000
22.000000
22.000000
22.000000
37.000000
22.000000
42.000000
22.000000
39.000000
22.000000
76.000000
33.000000
22.000000
71.000000
52.000000
96.000000
27.000000
83.000000
22.000000
22.000000
22.000000
52.000000
40.000000
27.000000
22.000000
22.000000
22.000000
100.000000
22.000000
22.000000
22.000000
22.000000
100.000000
22.000000
42.000000
22.000000
22.000000
41.000000
22.000000
36.000000
22.000000
22.000000
22.000000
22.000000
22.000000
