22.000000
22.000000
22.000000
22.000000
22.000000
22.000000
27.000000
22.000000
22.000000
22.000000
22.000000
22.000000
37.000000
22.000000
22.000000
24.000000
22.000000
22.000000
22.000000
33.000000
22.000000
22.000000
22.000000
22.000000
22.000000
33.000000
22.000000
22.000000
22.000000
22.000000
22.000000
24.000000
22.000000
22.000000
22.000000
22.000000
41.000000
22.000000
22.000000
22.000000
24.000000
22.000000
22.000000
22.000000
24.000000
22.000000
22.000000
56.000000
37.000000
22.000000
24.000000
22.000000
24.000000
22.000000
22.000000
22.000000
70.000000
22.000000
22.000000
22.000000
43.000000
24.000000
22.000000
69.000000
90.000000
50.000000
22.000000
93.000000
22.000000
22.000000
22.000000
22.000000
22.000000
62.000000
22.000000
60.000000
22.000000
22.000000
67.000000
100.000000
54.000000
22.000000
22.000000
22.000000
47.000000
100.000000
24.000000
24.000000
91.000000
22.000000
69.000000
47.000000
48.000000
78.000000
22.000000
22.000000
27.000000
22.000000
22.000000
27.000000
22.000000
96.000000
22.000000
22.000000
50.000000
84.000000
98.000000
22.000000
22.000000
69.000000
51.000000
22.000000
100.000000
41.000000
22.000000
71.000000
22.000000
22.000000
27.000000
22.000000
