22.000000
22.000000
60.000000
28.000000
27.000000
30.000000
22.000000
22.000000
27.000000
27.000000
22.000000
36.000000
22.000000
26.000000
22.000000
22.000000
24.000000
22.000000
39.000000
22.000000
22.000000
22.000000
22.000000
22.000000
22.000000
22.000000
22.000000
22.000000
22.000000
22.000000
22.000000
28.000000
22.000000
22.000000
22.000000
22.000000
22.000000
22.000000
22.000000
26.000000
22.000000
38.000000
27.000000
22.000000
24.000000
22.000000
22.000000
22.000000
44.000000
22.000000
24.000000
22.000000
22.000000
22.000000
22.000000
22.000000
22.000000
22.000000
24.000000
22.000000
22.000000
22.000000
22.000000
79.000000
22.000000
22.000000
22.000000
22.000000
22.000000
43.000000
22.000000
43.000000
22.000000
22.000000
65.000000
27.000000
22.000000
22.000000
35.000000
22.000000
74.000000
57.000000
22.000000
22.000000
22.000000
22.000000
38.000000
50.000000
22.000000
34.000000
22.000000
43.000000
22.000000
34.000000
22.000000
22.000000
70.000000
22.000000
22.000000
22.000000
22.000000
24.000000
26.000000
37.000000
55.000000
22.000000
28.000000
22.000000
22.000000
22.000000
27.000000
36.000000
22.000000
43.000000
24.000000
26.000000
22.000000
22.000000
58.000000
50.000000
