22.000000
22.000000
22.000000
22.000000
24.000000
24.000000
22.000000
22.000000
22.000000
22.000000
24.000000
22.000000
63.000000
22.000000
100.000000
30.000000
22.000000
22.000000
74.000000
85.000000
22.000000
76.000000
22.000000
76.000000
40.000000
22.000000
22.000000
47.000000
22.000000
22.000000
69.000000
22.000000
22.000000
22.000000
35.000000
22.000000
22.000000
27.000000
22.000000
22.000000
78.000000
22.000000
22.000000
22.000000
22.000000
22.000000
22.000000
22.000000
22.000000
22.000000
22.000000
42.000000
49.000000
62.000000
22.000000
22.000000
22.000000
22.000000
22.000000
22.000000
69.000000
22.000000
32.000000
22.000000
22.000000
22.000000
22.000000
22.000000
46.000000
22.000000
28.000000
22.000000
22.000000
22.000000
22.000000
34.000000
22.000000
22.000000
22.000000
22.000000
22.000000
40.000000
22.000000
22.000000
22.000000
39.000000
33.000000
46.000000
22.000000
22.000000
22.000000
52.000000
22.000000
22.000000
22.000000
40.000000
22.000000
27.000000
22.000000
22.000000
22.000000
22.000000
22.000000
22.000000
34.000000
50.000000
22.000000
22.000000
24.000000
22.000000
22.000000
27.000000
22.000000
22.000000
64.000000
30.000000
22.000000
76.000000
34.000000
22.000000
