22.000000
22.000000
22.000000
22.000000
22.000000
24.000000
22.000000
22.000000
22.000000
22.000000
22.000000
22.000000
22.000000
22.000000
22.000000
22.000000
22.000000
24.000000
24.000000
22.000000
22.000000
22.000000
22.000000
22.000000
22.000000
22.000000
24.000000
22.000000
22.000000
22.000000
22.000000
22.000000
22.000000
22.000000
22.000000
22.000000
22.000000
26.000000
64.000000
22.000000
22.000000
36.000000
33.000000
22.000000
22.000000
49.000000
22.000000
44.000000
55.000000
22.000000
22.000000
22.000000
24.000000
41.000000
22.000000
22.000000
35.000000
22.000000
22.000000
40.000000
22.000000
22.000000
22.000000
24.000000
22.000000
22.000000
22.000000
22.000000
22.000000
22.000000
22.000000
22.000000
22.000000
37.000000
22.000000
22.000000
22.000000
22.000000
59.000000
22.000000
22.000000
22.000000
22.000000
22.000000
22.000000
22.000000
26.000000
22.000000
26.000000
22.000000
32.000000
22.000000
22.000000
22.000000
24.000000
22.000000
45.000000
26.000000
22.000000
22.000000
27.000000
27.000000
32.000000
22.000000
22.000000
22.000000
22.000000
22.000000
22.000000
22.000000
22.000000
22.000000
22.000000
22.000000
63.000000
27.000000
22.000000
27.000000
24.000000
27.000000
