22.000000
22.000000
22.000000
22.000000
22.000000
22.000000
22.000000
22.000000
22.000000
22.000000
22.000000
22.000000
22.000000
22.000000
22.000000
22.000000
22.000000
22.000000
22.000000
22.000000
22.000000
22.000000
24.000000
24.000000
24.000000
24.000000
76.000000
22.000000
22.000000
68.000000
22.000000
22.000000
34.000000
24.000000
24.000000
22.000000
24.000000
39.000000
22.000000
22.000000
22.000000
22.000000
22.000000
22.000000
37.000000
22.000000
22.000000
24.000000
24.000000
42.000000
22.000000
22.000000
22.000000
22.000000
22.000000
22.000000
24.000000
22.000000
28.000000
22.000000
54.000000
24.000000
64.000000
22.000000
22.000000
34.000000
22.000000
22.000000
22.000000
39.000000
22.000000
61.000000
22.000000
24.000000
22.000000
22.000000
37.000000
40.000000
22.000000
26.000000
34.000000
22.000000
22.000000
22.000000
24.000000
29.000000
22.000000
50.000000
35.000000
22.000000
80.000000
22.000000
22.000000
22.000000
22.000000
22.000000
22.000000
22.000000
27.000000
22.000000
22.000000
45.000000
70.000000
49.000000
27.000000
38.000000
22.000000
22.000000
50.000000
39.000000
22.000000
47.000000
57.000000
22.000000
27.000000
24.000000
100.000000
22.000000
22.000000
22.000000
