22.000000
22.000000
22.000000
42.000000
22.000000
22.000000
22.000000
22.000000
22.000000
27.000000
22.000000
45.000000
27.000000
22.000000
22.000000
22.000000
22.000000
22.000000
22.000000
28.000000
46.000000
22.000000
36.000000
22.000000
22.000000
22.000000
41.000000
22.000000
40.000000
64.000000
22.000000
22.000000
49.000000
81.000000
22.000000
22.000000
22.000000
62.000000
61.000000
22.000000
22.000000
58.000000
22.000000
22.000000
33.000000
72.000000
22.000000
22.000000
22.000000
31.000000
22.000000
22.000000
22.000000
22.000000
69.000000
22.000000
22.000000
78.000000
31.000000
28.000000
37.000000
22.000000
34.000000
22.000000
59.000000
22.000000
33.000000
22.000000
22.000000
43.000000
48.000000
37.000000
22.000000
22.000000
45.000000
77.000000
22.000000
22.000000
22.000000
32.000000
22.000000
37.000000
74.000000
28.000000
58.000000
22.000000
22.000000
24.000000
22.000000
22.000000
22.000000
22.000000
22.000000
54.000000
82.000000
22.000000
22.000000
22.000000
22.000000
48.000000
22.000000
36.000000
67.000000
44.000000
34.000000
22.000000
22.000000
82.000000
63.000000
33.000000
62.000000
22.000000
22.000000
62.000000
22.000000
22.000000
70.000000
22.000000
22.000000