22.000000
22.000000
22.000000
22.000000
22.000000
22.000000
22.000000
22.000000
22.000000
22.000000
22.000000
22.000000
22.000000
22.000000
22.000000
22.000000
22.000000
22.000000
22.000000
27.000000
27.000000
22.000000
22.000000
27.000000
27.000000
39.000000
45.000000
22.000000
22.000000
22.000000
22.000000
22.000000
24.000000
22.000000
22.000000
22.000000
29.000000
22.000000
27.000000
38.000000
36.000000
31.000000
22.000000
22.000000
22.000000
22.000000
70.000000
22.000000
22.000000
22.000000
22.000000
22.000000
22.000000
22.000000
22.000000
26.000000
22.000000
70.000000
57.000000
29.000000
24.000000
22.000000
22.000000
88.000000
24.000000
24.000000
34.000000
79.000000
22.000000
22.000000
100.000000
22.000000
66.000000
22.000000
22.000000
27.000000
100.000000
22.000000
27.000000
22.000000
22.000000
22.000000
27.000000
28.000000
22.000000
22.000000
22.000000
22.000000
22.000000
22.000000
22.000000
22.000000
22.000000
77.000000
22.000000
22.000000
22.000000
22.000000
22.000000
22.000000
22.000000
22.000000
22.000000
22.000000
37.000000
22.000000
43.000000
35.000000
22.000000
22.000000
24.000000
88.000000
22.000000
51.000000
22.000000
24.000000
29.000000
22.000000
22.000000
80.000000
