22.000000
22.000000
22.000000
22.000000
22.000000
22.000000
22.000000
22.000000
22.000000
22.000000
22.000000
22.000000
22.000000
22.000000
22.000000
22.000000
22.000000
22.000000
22.000000
24.000000
22.000000
22.000000
22.000000
22.000000
22.000000
24.000000
22.000000
22.000000
22.000000
22.000000
22.000000
22.000000
22.000000
24.000000
22.000000
22.000000
22.000000
22.000000
22.000000
22.000000
22.000000
26.000000
22.000000
22.000000
22.000000
22.000000
22.000000
27.000000
22.000000
38.000000
22.000000
22.000000
22.000000
22.000000
28.000000
27.000000
22.000000
27.000000
22.000000
39.000000
52.000000
34.000000
22.000000
58.000000
22.000000
22.000000
22.000000
95.000000
48.000000
22.000000
27.000000
22.000000
33.000000
26.000000
22.000000
22.000000
22.000000
22.000000
22.000000
34.000000
51.000000
22.000000
48.000000
55.000000
22.000000
22.000000
50.000000
22.000000
22.000000
32.000000
22.000000
35.000000
22.000000
35.000000
30.000000
22.000000
22.000000
22.000000
22.000000
22.000000
22.000000
22.000000
24.000000
22.000000
26.000000
22.000000
22.000000
38.000000
22.000000
22.000000
22.000000
27.000000
22.000000
37.000000
27.000000
22.000000
22.000000
22.000000
39.000000
38.000000
