22.000000
22.000000
22.000000
24.000000
22.000000
22.000000
22.000000
22.000000
22.000000
27.000000
22.000000
22.000000
22.000000
22.000000
22.000000
22.000000
76.000000
22.000000
22.000000
22.000000
33.000000
22.000000
22.000000
22.000000
22.000000
22.000000
22.000000
22.000000
27.000000
58.000000
22.000000
22.000000
22.000000
44.000000
22.000000
50.000000
37.000000
22.000000
64.000000
26.000000
22.000000
75.000000
30.000000
27.000000
22.000000
22.000000
22.000000
22.000000
22.000000
30.000000
22.000000
22.000000
64.000000
50.000000
22.000000
22.000000
24.000000
40.000000
22.000000
22.000000
22.000000
22.000000
22.000000
24.000000
22.000000
22.000000
22.000000
22.000000
22.000000
22.000000
22.000000
22.000000
52.000000
22.000000
22.000000
22.000000
42.000000
22.000000
22.000000
24.000000
26.000000
69.000000
22.000000
22.000000
42.000000
22.000000
40.000000
89.000000
22.000000
56.000000
22.000000
22.000000
51.000000
22.000000
44.000000
22.000000
24.000000
24.000000
22.000000
22.000000
50.000000
43.000000
27.000000
30.000000
27.000000
26.000000
24.000000
22.000000
39.000000
22.000000
22.000000
22.000000
27.000000
22.000000
22.000000
22.000000
22.000000
22.000000
22.000000
22.000000
