53.000000
22.000000
22.000000
22.000000
22.000000
22.000000
22.000000
22.000000
22.000000
24.000000
22.000000
22.000000
24.000000
22.000000
22.000000
22.000000
22.000000
22.000000
22.000000
22.000000
22.000000
22.000000
35.000000
22.000000
22.000000
22.000000
27.000000
22.000000
22.000000
36.000000
24.000000
27.000000
22.000000
22.000000
65.000000
22.000000
22.000000
27.000000
22.000000
22.000000
24.000000
22.000000
22.000000
27.000000
22.000000
22.000000
24.000000
22.000000
43.000000
22.000000
24.000000
22.000000
22.000000
24.000000
22.000000
22.000000
22.000000
22.000000
26.000000
22.000000
34.000000
22.000000
22.000000
22.000000
22.000000
27.000000
22.000000
24.000000
22.000000
22.000000
22.000000
27.000000
22.000000
22.000000
22.000000
27.000000
26.000000
27.000000
22.000000
22.000000
22.000000
27.000000
27.000000
24.000000
22.000000
22.000000
31.000000
22.000000
22.000000
22.000000
27.000000
22.000000
22.000000
100.000000
51.000000
22.000000
37.000000
27.000000
27.000000
22.000000
22.000000
22.000000
22.000000
22.000000
22.000000
22.000000
22.000000
22.000000
22.000000
27.000000
22.000000
24.000000
22.000000
22.000000
22.000000
43.000000
22.000000
48.000000
22.000000
22.000000
