22.000000
22.000000
22.000000
22.000000
22.000000
22.000000
22.000000
22.000000
22.000000
24.000000
22.000000
22.000000
22.000000
22.000000
22.000000
22.000000
22.000000
22.000000
22.000000
22.000000
22.000000
22.000000
22.000000
22.000000
22.000000
22.000000
22.000000
22.000000
22.000000
22.000000
22.000000
22.000000
22.000000
22.000000
40.000000
22.000000
22.000000
22.000000
22.000000
42.000000
35.000000
58.000000
22.000000
27.000000
22.000000
22.000000
22.000000
22.000000
22.000000
22.000000
37.000000
22.000000
36.000000
54.000000
45.000000
22.000000
36.000000
22.000000
22.000000
22.000000
22.000000
49.000000
24.000000
22.000000
22.000000
22.000000
22.000000
22.000000
55.000000
22.000000
22.000000
22.000000
46.000000
42.000000
22.000000
22.000000
22.000000
22.000000
28.000000
22.000000
22.000000
22.000000
22.000000
22.000000
22.000000
22.000000
100.000000
54.000000
22.000000
24.000000
27.000000
22.000000
22.000000
36.000000
24.000000
62.000000
22.000000
22.000000
22.000000
22.000000
53.000000
24.000000
38.000000
24.000000
24.000000
54.000000
58.000000
22.000000
42.000000
22.000000
100.000000
100.000000
22.000000
22.000000
22.000000
35.000000
22.000000
22.000000
22.000000
22.000000
