22.000000
22.000000
22.000000
22.000000
31.000000
22.000000
22.000000
22.000000
22.000000
36.000000
22.000000
22.000000
22.000000
22.000000
22.000000
49.000000
22.000000
22.000000
24.000000
24.000000
22.000000
24.000000
22.000000
22.000000
22.000000
22.000000
27.000000
22.000000
22.000000
22.000000
22.000000
22.000000
27.000000
22.000000
24.000000
22.000000
22.000000
22.000000
22.000000
22.000000
22.000000
30.000000
48.000000
22.000000
47.000000
22.000000
22.000000
22.000000
27.000000
22.000000
38.000000
22.000000
24.000000
22.000000
61.000000
63.000000
22.000000
22.000000
40.000000
68.000000
57.000000
62.000000
22.000000
22.000000
33.000000
41.000000
49.000000
22.000000
62.000000
47.000000
40.000000
27.000000
51.000000
22.000000
22.000000
22.000000
41.000000
22.000000
22.000000
22.000000
22.000000
22.000000
67.000000
39.000000
50.000000
28.000000
22.000000
82.000000
24.000000
46.000000
22.000000
22.000000
60.000000
22.000000
22.000000
22.000000
22.000000
22.000000
22.000000
22.000000
22.000000
22.000000
22.000000
22.000000
33.000000
100.000000
22.000000
22.000000
57.000000
22.000000
72.000000
69.000000
30.000000
22.000000
22.000000
24.000000
22.000000
22.000000
100.000000
27.000000
