24.000000
22.000000
22.000000
22.000000
22.000000
22.000000
22.000000
22.000000
22.000000
22.000000
22.000000
22.000000
22.000000
22.000000
22.000000
22.000000
27.000000
27.000000
27.000000
22.000000
22.000000
22.000000
31.000000
22.000000
22.000000
22.000000
22.000000
22.000000
70.000000
22.000000
22.000000
79.000000
22.000000
22.000000
40.000000
59.000000
22.000000
22.000000
44.000000
27.000000
54.000000
22.000000
22.000000
22.000000
34.000000
27.000000
22.000000
22.000000
22.000000
22.000000
36.000000
22.000000
36.000000
22.000000
22.000000
24.000000
22.000000
22.000000
100.000000
22.000000
22.000000
22.000000
22.000000
27.000000
22.000000
97.000000
77.000000
66.000000
22.000000
22.000000
22.000000
22.000000
58.000000
50.000000
22.000000
22.000000
22.000000
22.000000
22.000000
50.000000
22.000000
22.000000
22.000000
38.000000
22.000000
56.000000
22.000000
22.000000
22.000000
38.000000
46.000000
22.000000
68.000000
22.000000
22.000000
33.000000
22.000000
100.000000
22.000000
22.000000
22.000000
83.000000
24.000000
53.000000
100.000000
22.000000
53.000000
85.000000
22.000000
22.000000
100.000000
22.000000
22.000000
48.000000
56.000000
22.000000
26.000000
22.000000
61.000000
63.000000
