22.000000
22.000000
22.000000
22.000000
22.000000
22.000000
22.000000
22.000000
22.000000
24.000000
22.000000
22.000000
22.000000
22.000000
27.000000
22.000000
24.000000
22.000000
26.000000
26.000000
24.000000
22.000000
22.000000
22.000000
22.000000
22.000000
22.000000
22.000000
22.000000
27.000000
22.000000
24.000000
22.000000
22.000000
22.000000
27.000000
56.000000
22.000000
22.000000
22.000000
31.000000
52.000000
22.000000
35.000000
22.000000
32.000000
36.000000
22.000000
98.000000
22.000000
54.000000
