22.000000
24.000000
22.000000
22.000000
22.000000
22.000000
22.000000
22.000000
24.000000
22.000000
22.000000
24.000000
22.000000
22.000000
22.000000
22.000000
22.000000
22.000000
22.000000
22.000000
22.000000
22.000000
22.000000
22.000000
22.000000
22.000000
22.000000
22.000000
22.000000
22.000000
22.000000
22.000000
22.000000
22.000000
22.000000
22.000000
22.000000
22.000000
22.000000
22.000000
24.000000
22.000000
31.000000
22.000000
22.000000
22.000000
22.000000
22.000000
33.000000
22.000000
22.000000
22.000000
27.000000
32.000000
22.000000
22.000000
22.000000
26.000000
39.000000
34.000000
22.000000
34.000000
24.000000
65.000000
55.000000
22.000000
85.000000
31.000000
22.000000
22.000000
22.000000
44.000000
79.000000
22.000000
22.000000
100.000000
43.000000
36.000000
24.000000
32.000000
22.000000
24.000000
22.000000
26.000000
74.000000
80.000000
22.000000
22.000000
22.000000
26.000000
56.000000
22.000000
62.000000
22.000000
22.000000
22.000000
22.000000
22.000000
83.000000
22.000000
22.000000
22.000000
22.000000
22.000000
41.000000
28.000000
42.000000
22.000000
26.000000
27.000000
24.000000
22.000000
22.000000
22.000000
22.000000
22.000000
69.000000
22.000000
22.000000
22.000000
