22.000000
22.000000
22.000000
22.000000
22.000000
22.000000
22.000000
22.000000
24.000000
24.000000
22.000000
24.000000
22.000000
22.000000
22.000000
22.000000
22.000000
22.000000
22.000000
22.000000
22.000000
22.000000
22.000000
22.000000
22.000000
22.000000
24.000000
22.000000
22.000000
71.000000
22.000000
22.000000
22.000000
22.000000
60.000000
22.000000
22.000000
22.000000
22.000000
36.000000
30.000000
22.000000
22.000000
22.000000
22.000000
22.000000
22.000000
22.000000
22.000000
22.000000
22.000000
57.000000
22.000000
22.000000
22.000000
22.000000
22.000000
22.000000
22.000000
22.000000
22.000000
27.000000
43.000000
100.000000
22.000000
22.000000
24.000000
22.000000
41.000000
22.000000
22.000000
22.000000
22.000000
22.000000
22.000000
22.000000
83.000000
22.000000
22.000000
24.000000
22.000000
22.000000
22.000000
22.000000
22.000000
26.000000
88.000000
22.000000
22.000000
67.000000
22.000000
22.000000
22.000000
39.000000
22.000000
22.000000
47.000000
22.000000
46.000000
22.000000
90.000000
46.000000
27.000000
72.000000
22.000000
22.000000
33.000000
22.000000
54.000000
22.000000
22.000000
22.000000
22.000000
27.000000
24.000000
22.000000
22.000000
22.000000
22.000000
22.000000
