22.000000
22.000000
32.000000
22.000000
22.000000
100.000000
22.000000
22.000000
22.000000
22.000000
22.000000
22.000000
22.000000
42.000000
22.000000
22.000000
22.000000
22.000000
22.000000
22.000000
22.000000
26.000000
22.000000
22.000000
22.000000
22.000000
32.000000
31.000000
22.000000
22.000000
22.000000
22.000000
22.000000
22.000000
22.000000
34.000000
26.000000
22.000000
22.000000
30.000000
81.000000
22.000000
22.000000
22.000000
22.000000
22.000000
22.000000
39.000000
49.000000
54.000000
22.000000
22.000000
22.000000
22.000000
39.000000
57.000000
27.000000
26.000000
22.000000
49.000000
22.000000
22.000000
22.000000
22.000000
22.000000
52.000000
22.000000
22.000000
22.000000
46.000000
22.000000
22.000000
31.000000
68.000000
22.000000
48.000000
22.000000
22.000000
22.000000
100.000000
38.000000
22.000000
22.000000
26.000000
29.000000
22.000000
22.000000
22.000000
22.000000
22.000000
22.000000
94.000000
22.000000
22.000000
43.000000
35.000000
22.000000
22.000000
100.000000
48.000000
22.000000
22.000000
22.000000
22.000000
22.000000
40.000000
80.000000
22.000000
22.000000
22.000000
22.000000
52.000000
26.000000
36.000000
22.000000
22.000000
22.000000
22.000000
37.000000
37.000000
