22.000000
22.000000
27.000000
22.000000
22.000000
48.000000
22.000000
27.000000
22.000000
22.000000
24.000000
22.000000
22.000000
22.000000
22.000000
22.000000
22.000000
22.000000
22.000000
22.000000
22.000000
22.000000
22.000000
22.000000
22.000000
22.000000
22.000000
27.000000
22.000000
22.000000
22.000000
22.000000
22.000000
22.000000
22.000000
22.000000
22.000000
22.000000
22.000000
22.000000
22.000000
22.000000
22.000000
22.000000
24.000000
41.000000
22.000000
22.000000
27.000000
22.000000
22.000000
22.000000
46.000000
36.000000
22.000000
22.000000
24.000000
22.000000
26.000000
41.000000
22.000000
22.000000
22.000000
22.000000
22.000000
24.000000
22.000000
27.000000
29.000000
22.000000
32.000000
27.000000
29.000000
22.000000
22.000000
22.000000
22.000000
22.000000
26.000000
39.000000
54.000000
22.000000
