22.000000
22.000000
22.000000
22.000000
22.000000
22.000000
27.000000
27.000000
45.000000
54.000000
22.000000
22.000000
22.000000
22.000000
42.000000
22.000000
22.000000
40.000000
22.000000
22.000000
22.000000
22.000000
22.000000
22.000000
22.000000
22.000000
64.000000
22.000000
22.000000
22.000000
31.000000
22.000000
22.000000
22.000000
28.000000
22.000000
59.000000
82.000000
22.000000
22.000000
22.000000
22.000000
22.000000
22.000000
50.000000
22.000000
22.000000
56.000000
44.000000
39.000000
27.000000
42.000000
34.000000
22.000000
45.000000
39.000000
22.000000
42.000000
58.000000
22.000000
22.000000
22.000000
22.000000
22.000000
54.000000
30.000000
22.000000
22.000000
22.000000
49.000000
22.000000
22.000000
22.000000
22.000000
100.000000
22.000000
65.000000
22.000000
22.000000
44.000000
22.000000
27.000000
22.000000
22.000000
33.000000
27.000000
22.000000
34.000000
22.000000
22.000000
22.000000
35.000000
22.000000
22.000000
22.000000
22.000000
22.000000
22.000000
22.000000
22.000000
43.000000
46.000000
22.000000
34.000000
22.000000
22.000000
22.000000
57.000000
22.000000
22.000000
30.000000
27.000000
22.000000
43.000000
78.000000
40.000000
22.000000
22.000000
22.000000
50.000000
