22.000000
24.000000
27.000000
22.000000
27.000000
27.000000
22.000000
22.000000
22.000000
22.000000
24.000000
22.000000
22.000000
27.000000
22.000000
22.000000
22.000000
22.000000
22.000000
24.000000
22.000000
22.000000
22.000000
75.000000
22.000000
22.000000
22.000000
24.000000
41.000000
58.000000
46.000000
22.000000
24.000000
22.000000
22.000000
22.000000
60.000000
22.000000
89.000000
39.000000
32.000000
26.000000
27.000000
27.000000
28.000000
22.000000
73.000000
35.000000
22.000000
45.000000
22.000000
22.000000
22.000000
22.000000
22.000000
68.000000
27.000000
22.000000
22.000000
22.000000
22.000000
38.000000
22.000000
41.000000
22.000000
86.000000
22.000000
27.000000
22.000000
22.000000
32.000000
22.000000
99.000000
22.000000
45.000000
22.000000
46.000000
22.000000
54.000000
22.000000
22.000000
70.000000
51.000000
22.000000
22.000000
22.000000
54.000000
71.000000
22.000000
51.000000
40.000000
61.000000
22.000000
60.000000
100.000000
27.000000
58.000000
22.000000
22.000000
100.000000
30.000000
22.000000
41.000000
22.000000
22.000000
22.000000
22.000000
39.000000
49.000000
28.000000
22.000000
22.000000
98.000000
36.000000
32.000000
42.000000
22.000000
70.000000
22.000000
78.000000
