22.000000
22.000000
22.000000
22.000000
22.000000
22.000000
22.000000
24.000000
22.000000
22.000000
22.000000
22.000000
22.000000
22.000000
27.000000
22.000000
22.000000
22.000000
22.000000
22.000000
22.000000
22.000000
26.000000
22.000000
22.000000
22.000000
34.000000
22.000000
49.000000
22.000000
22.000000
22.000000
29.000000
29.000000
22.000000
39.000000
22.000000
27.000000
22.000000
22.000000
27.000000
22.000000
22.000000
90.000000
22.000000
77.000000
22.000000
22.000000
52.000000
52.000000
22.000000
22.000000
22.000000
67.000000
22.000000
45.000000
22.000000
31.000000
22.000000
22.000000
22.000000
73.000000
22.000000
47.000000
22.000000
22.000000
22.000000
64.000000
22.000000
22.000000
22.000000
22.000000
22.000000
22.000000
22.000000
82.000000
42.000000
22.000000
22.000000
22.000000
58.000000
78.000000
22.000000
22.000000
22.000000
29.000000
22.000000
22.000000
22.000000
22.000000
32.000000
62.000000
24.000000
22.000000
22.000000
22.000000
24.000000
36.000000
37.000000
22.000000
24.000000
26.000000
22.000000
22.000000
22.000000
55.000000
22.000000
22.000000
22.000000
22.000000
70.000000
22.000000
22.000000
22.000000
22.000000
45.000000
22.000000
47.000000
64.000000
22.000000
