34.000000
24.000000
22.000000
48.000000
22.000000
22.000000
22.000000
22.000000
22.000000
22.000000
22.000000
22.000000
22.000000
22.000000
22.000000
27.000000
22.000000
22.000000
22.000000
22.000000
22.000000
83.000000
22.000000
34.000000
42.000000
22.000000
22.000000
22.000000
22.000000
22.000000
24.000000
24.000000
22.000000
22.000000
22.000000
22.000000
22.000000
22.000000
22.000000
22.000000
22.000000
22.000000
22.000000
22.000000
22.000000
22.000000
57.000000
27.000000
22.000000
22.000000
27.000000
22.000000
22.000000
22.000000
65.000000
22.000000
22.000000
28.000000
22.000000
24.000000
22.000000
57.000000
39.000000
22.000000
24.000000
22.000000
72.000000
44.000000
27.000000
27.000000
27.000000
41.000000
22.000000
22.000000
50.000000
34.000000
22.000000
46.000000
22.000000
27.000000
27.000000
22.000000
73.000000
22.000000
22.000000
53.000000
24.000000
22.000000
22.000000
59.000000
24.000000
22.000000
100.000000
22.000000
36.000000
22.000000
22.000000
22.000000
22.000000
22.000000
22.000000
22.000000
22.000000
24.000000
22.000000
35.000000
22.000000
22.000000
22.000000
22.000000
43.000000
27.000000
55.000000
22.000000
48.000000
22.000000
22.000000
22.000000
22.000000
22.000000
