22.000000
22.000000
22.000000
22.000000
22.000000
22.000000
22.000000
22.000000
22.000000
22.000000
27.000000
22.000000
27.000000
27.000000
27.000000
22.000000
26.000000
27.000000
22.000000
22.000000
22.000000
24.000000
24.000000
27.000000
27.000000
27.000000
27.000000
49.000000
22.000000
22.000000
73.000000
99.000000
22.000000
22.000000
24.000000
34.000000
22.000000
72.000000
22.000000
22.000000
37.000000
76.000000
22.000000
32.000000
22.000000
22.000000
37.000000
33.000000
22.000000
74.000000
22.000000
34.000000
22.000000
22.000000
40.000000
60.000000
27.000000
38.000000
22.000000
22.000000
22.000000
66.000000
41.000000
22.000000
24.000000
44.000000
22.000000
24.000000
22.000000
32.000000
22.000000
22.000000
22.000000
35.000000
22.000000
100.000000
38.000000
54.000000
22.000000
22.000000
22.000000
37.000000
22.000000
68.000000
22.000000
22.000000
22.000000
22.000000
22.000000
22.000000
22.000000
22.000000
22.000000
39.000000
39.000000
22.000000
22.000000
44.000000
22.000000
37.000000
22.000000
52.000000
22.000000
22.000000
22.000000
22.000000
62.000000
38.000000
51.000000
22.000000
22.000000
22.000000
74.000000
45.000000
22.000000
48.000000
22.000000
22.000000
49.000000
22.000000
