24.000000
22.000000
22.000000
22.000000
22.000000
22.000000
27.000000
27.000000
34.000000
22.000000
22.000000
22.000000
22.000000
27.000000
22.000000
24.000000
27.000000
36.000000
22.000000
22.000000
22.000000
24.000000
34.000000
22.000000
32.000000
43.000000
22.000000
45.000000
45.000000
58.000000
22.000000
41.000000
34.000000
22.000000
22.000000
22.000000
57.000000
22.000000
22.000000
40.000000
22.000000
32.000000
44.000000
41.000000
56.000000
22.000000
22.000000
48.000000
65.000000
22.000000
42.000000
27.000000
22.000000
51.000000
22.000000
22.000000
22.000000
22.000000
22.000000
22.000000
22.000000
22.000000
100.000000
48.000000
22.000000
22.000000
22.000000
22.000000
27.000000
22.000000
22.000000
22.000000
22.000000
37.000000
41.000000
42.000000
22.000000
39.000000
22.000000
27.000000
24.000000
22.000000
22.000000
43.000000
33.000000
27.000000
22.000000
50.000000
22.000000
22.000000
22.000000
22.000000
22.000000
22.000000
22.000000
84.000000
22.000000
22.000000
22.000000
22.000000
66.000000
22.000000
22.000000
22.000000
22.000000
24.000000
22.000000
22.000000
31.000000
22.000000
22.000000
48.000000
22.000000
27.000000
22.000000
22.000000
41.000000
22.000000
83.000000
22.000000
