24.000000
22.000000
22.000000
22.000000
22.000000
22.000000
22.000000
22.000000
24.000000
22.000000
22.000000
27.000000
22.000000
22.000000
22.000000
24.000000
24.000000
22.000000
22.000000
22.000000
22.000000
24.000000
22.000000
22.000000
22.000000
22.000000
22.000000
22.000000
22.000000
22.000000
22.000000
22.000000
22.000000
22.000000
24.000000
22.000000
22.000000
22.000000
22.000000
22.000000
22.000000
27.000000
27.000000
28.000000
32.000000
27.000000
22.000000
22.000000
54.000000
22.000000
35.000000
47.000000
24.000000
27.000000
22.000000
22.000000
22.000000
22.000000
22.000000
22.000000
27.000000
42.000000
52.000000
22.000000
22.000000
22.000000
22.000000
22.000000
22.000000
22.000000
22.000000
47.000000
22.000000
22.000000
28.000000
22.000000
31.000000
22.000000
22.000000
22.000000
48.000000
22.000000
82.000000
22.000000
22.000000
57.000000
46.000000
22.000000
68.000000
29.000000
22.000000
22.000000
22.000000
22.000000
22.000000
27.000000
67.000000
22.000000
22.000000
27.000000
43.000000
96.000000
34.000000
24.000000
22.000000
51.000000
22.000000
22.000000
24.000000
27.000000
27.000000
26.000000
47.000000
22.000000
22.000000
22.000000
22.000000
64.000000
22.000000
22.000000
