22.000000
22.000000
22.000000
22.000000
27.000000
22.000000
22.000000
22.000000
27.000000
22.000000
22.000000
22.000000
27.000000
22.000000
22.000000
22.000000
22.000000
22.000000
22.000000
22.000000
22.000000
22.000000
22.000000
22.000000
45.000000
22.000000
33.000000
89.000000
29.000000
22.000000
22.000000
40.000000
22.000000
22.000000
22.000000
22.000000
40.000000
22.000000
22.000000
22.000000
22.000000
100.000000
22.000000
22.000000
22.000000
59.000000
22.000000
22.000000
22.000000
22.000000
22.000000
22.000000
22.000000
41.000000
44.000000
28.000000
22.000000
22.000000
51.000000
22.000000
22.000000
53.000000
22.000000
22.000000
37.000000
22.000000
22.000000
22.000000
22.000000
22.000000
30.000000
22.000000
22.000000
22.000000
43.000000
22.000000
22.000000
22.000000
22.000000
35.000000
45.000000
22.000000
22.000000
40.000000
22.000000
22.000000
22.000000
22.000000
22.000000
44.000000
22.000000
22.000000
22.000000
22.000000
22.000000
22.000000
22.000000
38.000000
45.000000
22.000000
22.000000
22.000000
22.000000
56.000000
28.000000
85.000000
97.000000
22.000000
37.000000
22.000000
22.000000
22.000000
22.000000
33.000000
52.000000
69.000000
28.000000
41.000000
22.000000
40.000000
