22.000000
22.000000
40.000000
22.000000
22.000000
24.000000
22.000000
22.000000
22.000000
30.000000
24.000000
22.000000
22.000000
22.000000
22.000000
22.000000
24.000000
22.000000
22.000000
22.000000
22.000000
22.000000
22.000000
22.000000
24.000000
22.000000
22.000000
22.000000
22.000000
27.000000
22.000000
22.000000
22.000000
22.000000
24.000000
22.000000
58.000000
22.000000
22.000000
22.000000
22.000000
61.000000
32.000000
22.000000
22.000000
28.000000
22.000000
22.000000
27.000000
27.000000
34.000000
22.000000
22.000000
22.000000
44.000000
27.000000
22.000000
52.000000
22.000000
22.000000
22.000000
22.000000
22.000000
30.000000
40.000000
92.000000
22.000000
22.000000
22.000000
36.000000
22.000000
22.000000
41.000000
29.000000
22.000000
22.000000
27.000000
69.000000
37.000000
22.000000
22.000000
22.000000
29.000000
22.000000
22.000000
22.000000
40.000000
22.000000
22.000000
22.000000
22.000000
24.000000
37.000000
40.000000
22.000000
40.000000
24.000000
22.000000
22.000000
33.000000
54.000000
56.000000
22.000000
24.000000
100.000000
29.000000
22.000000
40.000000
44.000000
22.000000
22.000000
49.000000
32.000000
22.000000
24.000000
36.000000
44.000000
77.000000
22.000000
27.000000
