24.000000
22.000000
22.000000
22.000000
22.000000
22.000000
22.000000
27.000000
24.000000
45.000000
22.000000
22.000000
22.000000
22.000000
22.000000
22.000000
22.000000
22.000000
24.000000
22.000000
22.000000
22.000000
22.000000
22.000000
22.000000
22.000000
22.000000
22.000000
22.000000
22.000000
22.000000
22.000000
22.000000
22.000000
22.000000
22.000000
22.000000
22.000000
22.000000
22.000000
22.000000
22.000000
22.000000
22.000000
22.000000
22.000000
22.000000
22.000000
22.000000
22.000000
22.000000
26.000000
22.000000
22.000000
22.000000
22.000000
22.000000
26.000000
22.000000
22.000000
22.000000
22.000000
22.000000
22.000000
22.000000
22.000000
22.000000
22.000000
22.000000
22.000000
22.000000
22.000000
22.000000
22.000000
27.000000
22.000000
22.000000
22.000000
26.000000
22.000000
37.000000
36.000000
22.000000
24.000000
24.000000
22.000000
22.000000
22.000000
22.000000
22.000000
22.000000
22.000000
22.000000
22.000000
22.000000
22.000000
22.000000
22.000000
22.000000
22.000000
22.000000
22.000000
22.000000
22.000000
22.000000
39.000000
22.000000
54.000000
77.000000
22.000000
27.000000
22.000000
39.000000
27.000000
22.000000
43.000000
22.000000
42.000000
27.000000
22.000000
