22.000000
22.000000
22.000000
22.000000
22.000000
65.000000
22.000000
22.000000
24.000000
22.000000
24.000000
22.000000
27.000000
22.000000
22.000000
22.000000
22.000000
31.000000
22.000000
22.000000
87.000000
61.000000
22.000000
24.000000
22.000000
22.000000
24.000000
22.000000
33.000000
22.000000
22.000000
100.000000
35.000000
81.000000
24.000000
24.000000
24.000000
22.000000
24.000000
22.000000
22.000000
22.000000
39.000000
24.000000
27.000000
53.000000
24.000000
40.000000
24.000000
43.000000
31.000000
60.000000
24.000000
24.000000
24.000000
24.000000
22.000000
33.000000
22.000000
22.000000
24.000000
64.000000
22.000000
66.000000
22.000000
24.000000
69.000000
22.000000
24.000000
22.000000
24.000000
100.000000
22.000000
22.000000
100.000000
32.000000
39.000000
24.000000
24.000000
24.000000
24.000000
100.000000
24.000000
41.000000
63.000000
31.000000
22.000000
22.000000
77.000000
24.000000
87.000000
22.000000
32.000000
22.000000
100.000000
67.000000
22.000000
24.000000
24.000000
54.000000
44.000000
24.000000
88.000000
33.000000
24.000000
24.000000
24.000000
22.000000
60.000000
24.000000
42.000000
100.000000
57.000000
22.000000
90.000000
24.000000
24.000000
75.000000
24.000000
95.000000
