22.000000
22.000000
22.000000
22.000000
22.000000
32.000000
22.000000
22.000000
22.000000
22.000000
22.000000
22.000000
22.000000
22.000000
22.000000
22.000000
22.000000
22.000000
22.000000
24.000000
22.000000
22.000000
78.000000
30.000000
58.000000
22.000000
22.000000
45.000000
22.000000
72.000000
22.000000
24.000000
24.000000
48.000000
65.000000
37.000000
27.000000
27.000000
50.000000
22.000000
27.000000
22.000000
22.000000
22.000000
22.000000
60.000000
22.000000
89.000000
40.000000
38.000000
30.000000
22.000000
27.000000
41.000000
22.000000
22.000000
22.000000
73.000000
22.000000
27.000000
27.000000
24.000000
64.000000
22.000000
48.000000
22.000000
27.000000
24.000000
24.000000
56.000000
22.000000
27.000000
66.000000
27.000000
60.000000
91.000000
39.000000
86.000000
22.000000
54.000000
100.000000
56.000000
100.000000
100.000000
100.000000
47.000000
49.000000
22.000000
56.000000
24.000000
22.000000
43.000000
24.000000
24.000000
90.000000
62.000000
100.000000
100.000000
100.000000
22.000000
24.000000
45.000000
47.000000
32.000000
76.000000
98.000000
100.000000
42.000000
54.000000
100.000000
68.000000
65.000000
22.000000
41.000000
100.000000
100.000000
100.000000
69.000000
80.000000
100.000000
