22.000000
32.000000
27.000000
24.000000
31.000000
22.000000
24.000000
22.000000
24.000000
22.000000
22.000000
22.000000
22.000000
22.000000
22.000000
22.000000
22.000000
22.000000
24.000000
22.000000
30.000000
22.000000
22.000000
22.000000
22.000000
22.000000
22.000000
22.000000
22.000000
24.000000
22.000000
24.000000
24.000000
24.000000
33.000000
24.000000
22.000000
22.000000
22.000000
27.000000
22.000000
24.000000
51.000000
71.000000
52.000000
51.000000
74.000000
41.000000
64.000000
43.000000
32.000000
30.000000
61.000000
59.000000
100.000000
55.000000
22.000000
24.000000
100.000000
22.000000
38.000000
24.000000
49.000000
54.000000
22.000000
27.000000
22.000000
22.000000
49.000000
85.000000
79.000000
63.000000
100.000000
47.000000
22.000000
36.000000
24.000000
22.000000
24.000000
22.000000
35.000000
100.000000
67.000000
