24.000000
22.000000
22.000000
22.000000
24.000000
22.000000
22.000000
22.000000
22.000000
22.000000
22.000000
22.000000
22.000000
27.000000
22.000000
22.000000
22.000000
22.000000
22.000000
22.000000
22.000000
22.000000
22.000000
24.000000
22.000000
22.000000
22.000000
31.000000
24.000000
27.000000
22.000000
24.000000
22.000000
22.000000
24.000000
80.000000
30.000000
22.000000
22.000000
22.000000
22.000000
33.000000
31.000000
44.000000
24.000000
62.000000
24.000000
22.000000
22.000000
24.000000
31.000000
22.000000
24.000000
27.000000
60.000000
24.000000
24.000000
24.000000
24.000000
53.000000
30.000000
24.000000
100.000000
24.000000
22.000000
86.000000
22.000000
24.000000
24.000000
43.000000
50.000000
24.000000
22.000000
32.000000
24.000000
24.000000
22.000000
24.000000
24.000000
100.000000
24.000000
30.000000
96.000000
24.000000
65.000000
22.000000
75.000000
36.000000
100.000000
100.000000
85.000000
22.000000
76.000000
24.000000
87.000000
100.000000
24.000000
99.000000
74.000000
100.000000
38.000000
61.000000
24.000000
62.000000
46.000000
100.000000
100.000000
33.000000
24.000000
55.000000
57.000000
74.000000
92.000000
38.000000
22.000000
30.000000
59.000000
24.000000
22.000000
58.000000
