22.000000
22.000000
22.000000
22.000000
22.000000
22.000000
22.000000
24.000000
22.000000
24.000000
22.000000
22.000000
22.000000
22.000000
22.000000
22.000000
22.000000
22.000000
22.000000
22.000000
22.000000
22.000000
22.000000
22.000000
22.000000
22.000000
22.000000
22.000000
22.000000
22.000000
22.000000
22.000000
38.000000
24.000000
22.000000
24.000000
30.000000
22.000000
22.000000
22.000000
22.000000
45.000000
24.000000
22.000000
24.000000
22.000000
30.000000
61.000000
22.000000
33.000000
24.000000
22.000000
35.000000
22.000000
27.000000
33.000000
100.000000
36.000000
47.000000
78.000000
27.000000
24.000000
30.000000
51.000000
22.000000
36.000000
38.000000
100.000000
55.000000
100.000000
24.000000
30.000000
48.000000
24.000000
83.000000
77.000000
24.000000
61.000000
49.000000
86.000000
22.000000
61.000000
24.000000
24.000000
47.000000
24.000000
100.000000
58.000000
27.000000
80.000000
34.000000
24.000000
22.000000
45.000000
100.000000
24.000000
75.000000
46.000000
22.000000
24.000000
100.000000
47.000000
91.000000
72.000000
47.000000
100.000000
100.000000
24.000000
94.000000
100.000000
34.000000
36.000000
30.000000
22.000000
100.000000
22.000000
22.000000
36.000000
100.000000
24.000000
