22.000000
24.000000
22.000000
22.000000
27.000000
22.000000
22.000000
22.000000
24.000000
22.000000
22.000000
22.000000
24.000000
22.000000
64.000000
24.000000
22.000000
22.000000
22.000000
22.000000
27.000000
22.000000
22.000000
47.000000
22.000000
22.000000
24.000000
22.000000
22.000000
22.000000
24.000000
24.000000
22.000000
22.000000
24.000000
22.000000
22.000000
22.000000
57.000000
32.000000
22.000000
22.000000
32.000000
22.000000
24.000000
22.000000
24.000000
72.000000
44.000000
24.000000
24.000000
72.000000
22.000000
30.000000
30.000000
30.000000
37.000000
31.000000
22.000000
94.000000
24.000000
66.000000
27.000000
79.000000
57.000000
49.000000
33.000000
24.000000
22.000000
97.000000
71.000000
24.000000
100.000000
24.000000
47.000000
37.000000
24.000000
44.000000
35.000000
22.000000
54.000000
67.000000
40.000000
24.000000
22.000000
33.000000
36.000000
30.000000
35.000000
22.000000
24.000000
76.000000
22.000000
46.000000
100.000000
22.000000
24.000000
63.000000
70.000000
24.000000
47.000000
22.000000
58.000000
50.000000
56.000000
100.000000
100.000000
91.000000
52.000000
100.000000
44.000000
47.000000
93.000000
100.000000
100.000000
83.000000
79.000000
100.000000
83.000000
45.000000
