22.000000
22.000000
41.000000
22.000000
22.000000
33.000000
22.000000
22.000000
22.000000
22.000000
22.000000
22.000000
22.000000
22.000000
22.000000
27.000000
22.000000
24.000000
22.000000
24.000000
40.000000
27.000000
31.000000
22.000000
22.000000
22.000000
24.000000
32.000000
22.000000
27.000000
32.000000
68.000000
22.000000
22.000000
22.000000
22.000000
27.000000
22.000000
22.000000
22.000000
22.000000
22.000000
22.000000
22.000000
22.000000
37.000000
39.000000
22.000000
22.000000
22.000000
24.000000
22.000000
22.000000
57.000000
22.000000
44.000000
27.000000
22.000000
100.000000
27.000000
100.000000
27.000000
100.000000
22.000000
40.000000
60.000000
22.000000
48.000000
31.000000
57.000000
85.000000
22.000000
63.000000
22.000000
22.000000
44.000000
45.000000
82.000000
22.000000
24.000000
100.000000
22.000000
33.000000
39.000000
100.000000
100.000000
100.000000
31.000000
41.000000
22.000000
66.000000
79.000000
100.000000
61.000000
24.000000
33.000000
74.000000
100.000000
91.000000
33.000000
59.000000
100.000000
24.000000
68.000000
39.000000
27.000000
85.000000
100.000000
40.000000
100.000000
90.000000
67.000000
67.000000
100.000000
47.000000
30.000000
38.000000
91.000000
32.000000
100.000000
