22.000000
22.000000
22.000000
22.000000
22.000000
22.000000
22.000000
22.000000
35.000000
22.000000
22.000000
22.000000
22.000000
22.000000
27.000000
26.000000
22.000000
27.000000
27.000000
28.000000
27.000000
36.000000
22.000000
22.000000
22.000000
24.000000
22.000000
22.000000
22.000000
31.000000
22.000000
22.000000
22.000000
22.000000
22.000000
22.000000
24.000000
36.000000
22.000000
100.000000
22.000000
40.000000
30.000000
31.000000
22.000000
65.000000
100.000000
60.000000
100.000000
47.000000
24.000000
27.000000
27.000000
61.000000
65.000000
46.000000
81.000000
62.000000
100.000000
64.000000
22.000000
27.000000
59.000000
100.000000
100.000000
22.000000
22.000000
27.000000
30.000000
27.000000
48.000000
100.000000
33.000000
94.000000
73.000000
61.000000
100.000000
70.000000
58.000000
31.000000
100.000000
100.000000
100.000000
66.000000
100.000000
77.000000
100.000000
47.000000
100.000000
30.000000
100.000000
24.000000
67.000000
68.000000
45.000000
24.000000
100.000000
48.000000
24.000000
62.000000
22.000000
100.000000
100.000000
100.000000
