24.000000
22.000000
22.000000
24.000000
22.000000
22.000000
22.000000
22.000000
22.000000
22.000000
22.000000
22.000000
22.000000
22.000000
22.000000
22.000000
22.000000
22.000000
27.000000
22.000000
24.000000
24.000000
22.000000
22.000000
24.000000
22.000000
24.000000
34.000000
40.000000
27.000000
22.000000
22.000000
22.000000
22.000000
27.000000
40.000000
29.000000
22.000000
27.000000
22.000000
27.000000
22.000000
46.000000
27.000000
22.000000
37.000000
76.000000
22.000000
46.000000
22.000000
54.000000
33.000000
22.000000
67.000000
69.000000
100.000000
41.000000
27.000000
22.000000
78.000000
24.000000
22.000000
22.000000
69.000000
65.000000
100.000000
24.000000
40.000000
33.000000
100.000000
53.000000
41.000000
100.000000
30.000000
24.000000
100.000000
68.000000
27.000000
42.000000
79.000000
100.000000
82.000000
92.000000
92.000000
22.000000
100.000000
100.000000
56.000000
100.000000
47.000000
100.000000
27.000000
92.000000
32.000000
38.000000
32.000000
100.000000
24.000000
22.000000
100.000000
64.000000
31.000000
24.000000
38.000000
67.000000
100.000000
22.000000
36.000000
56.000000
76.000000
50.000000
100.000000
97.000000
100.000000
22.000000
24.000000
30.000000
22.000000
84.000000
100.000000
