22.000000
22.000000
22.000000
24.000000
22.000000
22.000000
30.000000
22.000000
24.000000
22.000000
30.000000
22.000000
22.000000
22.000000
22.000000
24.000000
27.000000
22.000000
24.000000
35.000000
22.000000
24.000000
22.000000
24.000000
24.000000
22.000000
38.000000
24.000000
55.000000
61.000000
33.000000
24.000000
83.000000
22.000000
46.000000
22.000000
27.000000
46.000000
100.000000
63.000000
47.000000
100.000000
47.000000
22.000000
22.000000
45.000000
27.000000
22.000000
33.000000
100.000000
22.000000
41.000000
61.000000
40.000000
98.000000
43.000000
100.000000
100.000000
33.000000
45.000000
22.000000
24.000000
27.000000
100.000000
100.000000
98.000000
48.000000
51.000000
59.000000
71.000000
27.000000
58.000000
27.000000
82.000000
98.000000
42.000000
24.000000
49.000000
100.000000
22.000000
63.000000
86.000000
44.000000
35.000000
51.000000
42.000000
65.000000
47.000000
87.000000
42.000000
22.000000
55.000000
27.000000
100.000000
22.000000
27.000000
24.000000
77.000000
100.000000
51.000000
22.000000
100.000000
100.000000
59.000000
24.000000
62.000000
68.000000
22.000000
55.000000
100.000000
48.000000
73.000000
61.000000
22.000000
62.000000
37.000000
100.000000
52.000000
51.000000
100.000000
