22.000000
24.000000
22.000000
22.000000
27.000000
26.000000
22.000000
22.000000
22.000000
22.000000
22.000000
22.000000
22.000000
36.000000
27.000000
22.000000
22.000000
27.000000
22.000000
22.000000
27.000000
22.000000
22.000000
22.000000
22.000000
24.000000
24.000000
22.000000
22.000000
22.000000
24.000000
22.000000
22.000000
24.000000
22.000000
30.000000
22.000000
27.000000
22.000000
33.000000
22.000000
44.000000
67.000000
52.000000
40.000000
22.000000
27.000000
22.000000
32.000000
24.000000
27.000000
22.000000
24.000000
63.000000
24.000000
22.000000
37.000000
32.000000
95.000000
60.000000
27.000000
22.000000
27.000000
24.000000
22.000000
70.000000
27.000000
42.000000
22.000000
85.000000
100.000000
62.000000
42.000000
22.000000
24.000000
24.000000
60.000000
100.000000
49.000000
22.000000
46.000000
58.000000
89.000000
100.000000
67.000000
56.000000
100.000000
37.000000
22.000000
100.000000
67.000000
46.000000
22.000000
87.000000
27.000000
38.000000
27.000000
22.000000
93.000000
22.000000
73.000000
100.000000
22.000000
30.000000
56.000000
41.000000
22.000000
92.000000
22.000000
24.000000
96.000000
100.000000
100.000000
73.000000
97.000000
32.000000
34.000000
24.000000
100.000000
100.000000
