22.000000
22.000000
22.000000
22.000000
22.000000
22.000000
22.000000
22.000000
22.000000
22.000000
22.000000
22.000000
22.000000
22.000000
22.000000
22.000000
22.000000
22.000000
22.000000
30.000000
34.000000
22.000000
22.000000
27.000000
22.000000
22.000000
22.000000
22.000000
22.000000
30.000000
22.000000
22.000000
46.000000
22.000000
32.000000
24.000000
22.000000
33.000000
22.000000
24.000000
22.000000
22.000000
22.000000
50.000000
77.000000
24.000000
24.000000
22.000000
24.000000
22.000000
22.000000
36.000000
90.000000
24.000000
24.000000
45.000000
24.000000
22.000000
33.000000
22.000000
32.000000
41.000000
22.000000
27.000000
24.000000
27.000000
43.000000
24.000000
24.000000
48.000000
90.000000
22.000000
42.000000
45.000000
85.000000
97.000000
35.000000
27.000000
27.000000
27.000000
35.000000
84.000000
62.000000
27.000000
82.000000
27.000000
27.000000
27.000000
22.000000
27.000000
66.000000
100.000000
22.000000
30.000000
79.000000
22.000000
99.000000
45.000000
46.000000
