22.000000
22.000000
22.000000
22.000000
22.000000
22.000000
24.000000
22.000000
22.000000
22.000000
22.000000
27.000000
22.000000
22.000000
24.000000
22.000000
27.000000
24.000000
29.000000
22.000000
34.000000
80.000000
28.000000
31.000000
22.000000
22.000000
22.000000
22.000000
22.000000
22.000000
45.000000
57.000000
71.000000
22.000000
49.000000
27.000000
94.000000
35.000000
22.000000
52.000000
43.000000
24.000000
45.000000
94.000000
41.000000
22.000000
72.000000
27.000000
40.000000
34.000000
100.000000
24.000000
64.000000
22.000000
43.000000
38.000000
100.000000
67.000000
27.000000
56.000000
22.000000
36.000000
43.000000
22.000000
45.000000
64.000000
61.000000
100.000000
35.000000
50.000000
36.000000
83.000000
24.000000
24.000000
30.000000
100.000000
58.000000
81.000000
41.000000
27.000000
100.000000
27.000000
49.000000
62.000000
100.000000
45.000000
36.000000
30.000000
45.000000
22.000000
76.000000
51.000000
100.000000
37.000000
69.000000
100.000000
24.000000
100.000000
24.000000
27.000000
65.000000
70.000000
39.000000
66.000000
22.000000
100.000000
100.000000
100.000000
47.000000
100.000000
76.000000
98.000000
100.000000
27.000000
100.000000
55.000000
27.000000
22.000000
100.000000
100.000000
