22.000000
22.000000
22.000000
22.000000
22.000000
22.000000
22.000000
22.000000
24.000000
22.000000
22.000000
22.000000
22.000000
22.000000
24.000000
22.000000
24.000000
22.000000
24.000000
22.000000
31.000000
22.000000
45.000000
27.000000
36.000000
24.000000
77.000000
27.000000
24.000000
22.000000
27.000000
27.000000
24.000000
22.000000
27.000000
24.000000
27.000000
48.000000
99.000000
22.000000
24.000000
42.000000
24.000000
49.000000
24.000000
30.000000
49.000000
22.000000
22.000000
54.000000
47.000000
32.000000
24.000000
24.000000
24.000000
22.000000
24.000000
100.000000
34.000000
46.000000
24.000000
47.000000
100.000000
100.000000
29.000000
24.000000
44.000000
100.000000
94.000000
66.000000
100.000000
30.000000
43.000000
27.000000
22.000000
27.000000
100.000000
87.000000
100.000000
63.000000
100.000000
30.000000
46.000000
100.000000
24.000000
24.000000
33.000000
77.000000
39.000000
73.000000
54.000000
80.000000
24.000000
61.000000
38.000000
46.000000
24.000000
100.000000
22.000000
100.000000
50.000000
98.000000
50.000000
45.000000
93.000000
27.000000
100.000000
31.000000
67.000000
100.000000
78.000000
22.000000
100.000000
34.000000
24.000000
50.000000
80.000000
100.000000
46.000000
100.000000
