28.000000
36.000000
24.000000
27.000000
31.000000
27.000000
36.000000
24.000000
37.000000
23.000000
23.000000
41.000000
43.000000
41.000000
43.000000
24.000000
47.000000
23.000000
24.000000
23.000000
24.000000
23.000000
23.000000
23.000000
43.000000
23.000000
23.000000
23.000000
23.000000
24.000000
23.000000
23.000000
23.000000
23.000000
23.000000
23.000000
39.000000
24.000000
42.000000
24.000000
23.000000
23.000000
42.000000
39.000000
42.000000
23.000000
23.000000
24.000000
23.000000
43.000000
43.000000
23.000000
42.000000
42.000000
42.000000
42.000000
23.000000
42.000000
42.000000
23.000000
23.000000
42.000000
23.000000
23.000000
42.000000
24.000000
24.000000
42.000000
42.000000
24.000000
24.000000
24.000000
24.000000
24.000000
23.000000
24.000000
23.000000
24.000000
24.000000
24.000000
24.000000
24.000000
24.000000
24.000000
23.000000
24.000000
24.000000
24.000000
24.000000
24.000000
24.000000
43.000000
24.000000
24.000000
24.000000
24.000000
24.000000
42.000000
42.000000
43.000000
24.000000
42.000000
42.000000
42.000000
24.000000
42.000000
42.000000
24.000000
24.000000
24.000000
42.000000
42.000000
42.000000
24.000000
42.000000
24.000000
24.000000
42.000000
41.000000
24.000000
24.000000
24.000000
24.000000
42.000000
42.000000
24.000000
42.000000
42.000000
42.000000
24.000000
42.000000
24.000000
42.000000
24.000000
42.000000
24.000000
24.000000
24.000000
24.000000
24.000000
42.000000
24.000000
24.000000
24.000000
24.000000
24.000000
42.000000
42.000000
42.000000
24.000000
42.000000
24.000000
42.000000
24.000000
24.000000
42.000000
24.000000
24.000000
24.000000
42.000000
42.000000
42.000000
42.000000
24.000000
42.000000
24.000000
42.000000
42.000000
24.000000
42.000000
42.000000
24.000000
42.000000
42.000000
24.000000
24.000000
41.000000
42.000000
24.000000
24.000000
24.000000
24.000000
24.000000
42.000000
24.000000
24.000000
42.000000
24.000000
42.000000
24.000000
42.000000
41.000000
24.000000
42.000000
24.000000
24.000000
42.000000
24.000000
24.000000
24.000000
24.000000
24.000000
42.000000
24.000000
42.000000
24.000000
24.000000
42.000000
24.000000
42.000000
42.000000
42.000000
24.000000
24.000000
42.000000
37.000000
24.000000
24.000000
24.000000
24.000000
24.000000
24.000000
24.000000
24.000000
24.000000
24.000000
24.000000
24.000000
24.000000
42.000000
24.000000
42.000000
24.000000
42.000000
24.000000
42.000000
24.000000
24.000000
24.000000
24.000000
24.000000
42.000000
24.000000
24.000000
24.000000
42.000000
24.000000
24.000000
42.000000
24.000000
24.000000
24.000000
42.000000
24.000000
42.000000
24.000000
24.000000
24.000000
24.000000
42.000000
24.000000
42.000000
24.000000
24.000000
24.000000
24.000000
42.000000
24.000000
24.000000
24.000000
24.000000
24.000000
24.000000
24.000000
24.000000
24.000000
24.000000
24.000000
24.000000
24.000000
42.000000
42.000000
24.000000
24.000000
24.000000
42.000000
24.000000
24.000000
24.000000
24.000000
42.000000
24.000000
24.000000
24.000000
24.000000
24.000000
24.000000
24.000000
24.000000
24.000000
