88.000000
100.000000
28.000000
100.000000
51.000000
100.000000
69.000000
66.000000
24.000000
71.000000
100.000000
100.000000
100.000000
88.000000
24.000000
68.000000
96.000000
24.000000
100.000000
100.000000
100.000000
67.000000
100.000000
46.000000
100.000000
24.000000
24.000000
100.000000
24.000000
100.000000
100.000000
100.000000
100.000000
100.000000
100.000000
100.000000
100.000000
100.000000
100.000000
100.000000
100.000000
100.000000
100.000000
100.000000
100.000000
100.000000
100.000000
100.000000
100.000000
100.000000
100.000000
100.000000
100.000000
100.000000
100.000000
100.000000
100.000000
100.000000
100.000000
100.000000
100.000000
100.000000
100.000000
100.000000
100.000000
100.000000
100.000000
100.000000
100.000000
100.000000
100.000000
100.000000
100.000000
100.000000
100.000000
100.000000
100.000000
100.000000
100.000000
100.000000
100.000000
100.000000
100.000000
47.000000
100.000000
47.000000
100.000000
100.000000
100.000000
47.000000
100.000000
100.000000
100.000000
100.000000
100.000000
100.000000
100.000000
100.000000
100.000000
100.000000
100.000000
100.000000
100.000000
100.000000
100.000000
100.000000
87.000000
100.000000
100.000000
47.000000
100.000000
100.000000
100.000000
90.000000
100.000000
100.000000
100.000000
47.000000
100.000000
100.000000
48.000000
24.000000
100.000000
100.000000
100.000000
100.000000
100.000000
100.000000
100.000000
81.000000
100.000000
100.000000
100.000000
100.000000
100.000000
68.000000
100.000000
100.000000
68.000000
100.000000
100.000000
88.000000
100.000000
100.000000
100.000000
100.000000
100.000000
100.000000
100.000000
100.000000
100.000000
100.000000
100.000000
100.000000
100.000000
100.000000
100.000000
100.000000
100.000000
100.000000
100.000000
100.000000
100.000000
100.000000
100.000000
100.000000
100.000000
100.000000
100.000000
100.000000
100.000000
100.000000
100.000000
100.000000
100.000000
100.000000
100.000000
100.000000
100.000000
100.000000
100.000000
100.000000
100.000000
47.000000
100.000000
100.000000
24.000000
100.000000
100.000000
67.000000
100.000000
100.000000
100.000000
47.000000
100.000000
100.000000
100.000000
100.000000
100.000000
100.000000
100.000000
24.000000
100.000000
100.000000
100.000000
100.000000
100.000000
100.000000
100.000000
100.000000
100.000000
100.000000
67.000000
100.000000
100.000000
100.000000
100.000000
100.000000
100.000000
100.000000
100.000000
100.000000
100.000000
66.000000
100.000000
100.000000
100.000000
100.000000
100.000000
24.000000
100.000000
100.000000
100.000000
