100.000000
86.000000
100.000000
100.000000
100.000000
100.000000
100.000000
100.000000
100.000000
100.000000
100.000000
100.000000
100.000000
100.000000
100.000000
100.000000
100.000000
100.000000
100.000000
100.000000
100.000000
100.000000
100.000000
100.000000
100.000000
100.000000
100.000000
100.000000
100.000000
22.000000
71.000000
100.000000
100.000000
100.000000
100.000000
100.000000
100.000000
100.000000
100.000000
100.000000
100.000000
100.000000
100.000000
100.000000
100.000000
100.000000
100.000000
100.000000
100.000000
100.000000
100.000000
100.000000
100.000000
100.000000
100.000000
100.000000
100.000000
100.000000
100.000000
100.000000
100.000000
100.000000
100.000000
100.000000
100.000000
100.000000
100.000000
100.000000
100.000000
100.000000
100.000000
100.000000
100.000000
100.000000
100.000000
100.000000
100.000000
100.000000
100.000000
100.000000
100.000000
100.000000
90.000000
100.000000
100.000000
100.000000
58.000000
100.000000
100.000000
100.000000
100.000000
100.000000
100.000000
100.000000
54.000000
100.000000
100.000000
100.000000
100.000000
100.000000
100.000000
100.000000
100.000000
100.000000
100.000000
100.000000
100.000000
65.000000
100.000000
100.000000
100.000000
100.000000
100.000000
100.000000
100.000000
100.000000
100.000000
100.000000
100.000000
100.000000
100.000000
22.000000
100.000000
37.000000
100.000000
100.000000
100.000000
41.000000
100.000000
100.000000
100.000000
100.000000
100.000000
100.000000
100.000000
100.000000
100.000000
100.000000
100.000000
100.000000
100.000000
100.000000
70.000000
100.000000
100.000000
63.000000
100.000000
60.000000
100.000000
100.000000
26.000000
100.000000
100.000000
100.000000
100.000000
100.000000
100.000000
100.000000
100.000000
100.000000
100.000000
100.000000
100.000000
100.000000
57.000000
100.000000
100.000000
83.000000
100.000000
100.000000
61.000000
100.000000
100.000000
100.000000
100.000000
100.000000
70.000000
100.000000
100.000000
100.000000
83.000000
100.000000
100.000000
100.000000
100.000000
100.000000
100.000000
100.000000
100.000000
100.000000
100.000000
100.000000
100.000000
100.000000
100.000000
100.000000
100.000000
100.000000
100.000000
100.000000
100.000000
100.000000
100.000000
22.000000
22.000000
100.000000
40.000000
100.000000
40.000000
22.000000
100.000000
100.000000
40.000000
100.000000
100.000000
22.000000
22.000000
100.000000
22.000000
100.000000
100.000000
22.000000
22.000000
100.000000
40.000000
100.000000
100.000000
100.000000
100.000000
100.000000
40.000000
100.000000
99.000000
100.000000
100.000000
100.000000
100.000000
100.000000
100.000000
100.000000
100.000000
100.000000
100.000000
90.000000
100.000000
100.000000
100.000000
100.000000
100.000000
100.000000
100.000000
100.000000
100.000000
100.000000
100.000000
100.000000
100.000000
100.000000
100.000000
100.000000
100.000000
100.000000
100.000000
100.000000
22.000000
22.000000
22.000000
22.000000
62.000000
100.000000
100.000000
22.000000
62.000000
40.000000
96.000000
100.000000
22.000000
100.000000
100.000000
100.000000
100.000000
100.000000
100.000000
40.000000
100.000000
40.000000
40.000000
100.000000
100.000000
100.000000
31.000000
22.000000
22.000000
100.000000
100.000000
100.000000
100.000000
100.000000
22.000000
40.000000
