22.000000
44.000000
62.000000
28.000000
28.000000
37.000000
41.000000
69.000000
37.000000
82.000000
100.000000
41.000000
47.000000
78.000000
100.000000
78.000000
69.000000
31.000000
100.000000
100.000000
63.000000
88.000000
100.000000
100.000000
100.000000
100.000000
100.000000
41.000000
100.000000
100.000000
100.000000
100.000000
75.000000
100.000000
70.000000
80.000000
100.000000
100.000000
100.000000
100.000000
100.000000
100.000000
100.000000
100.000000
100.000000
100.000000
100.000000
98.000000
100.000000
100.000000
100.000000
100.000000
100.000000
100.000000
100.000000
100.000000
100.000000
100.000000
100.000000
100.000000
100.000000
100.000000
100.000000
100.000000
100.000000
100.000000
100.000000
100.000000
100.000000
100.000000
100.000000
100.000000
100.000000
100.000000
100.000000
100.000000
100.000000
100.000000
100.000000
100.000000
100.000000
100.000000
100.000000
100.000000
100.000000
100.000000
100.000000
100.000000
100.000000
100.000000
100.000000
100.000000
95.000000
100.000000
100.000000
100.000000
100.000000
100.000000
100.000000
100.000000
100.000000
100.000000
100.000000
100.000000
100.000000
76.000000
100.000000
100.000000
100.000000
51.000000
100.000000
100.000000
100.000000
100.000000
100.000000
100.000000
100.000000
51.000000
100.000000
100.000000
80.000000
100.000000
100.000000
100.000000
100.000000
100.000000
100.000000
80.000000
100.000000
100.000000
100.000000
100.000000
100.000000
100.000000
100.000000
54.000000
100.000000
100.000000
100.000000
100.000000
100.000000
100.000000
100.000000
100.000000
100.000000
100.000000
100.000000
100.000000
100.000000
100.000000
100.000000
100.000000
100.000000
100.000000
100.000000
100.000000
100.000000
100.000000
100.000000
100.000000
100.000000
100.000000
98.000000
100.000000
98.000000
100.000000
100.000000
100.000000
73.000000
100.000000
50.000000
100.000000
99.000000
100.000000
100.000000
100.000000
100.000000
100.000000
100.000000
100.000000
100.000000
100.000000
100.000000
100.000000
99.000000
100.000000
100.000000
100.000000
100.000000
100.000000
100.000000
100.000000
100.000000
100.000000
98.000000
100.000000
100.000000
100.000000
100.000000
100.000000
100.000000
98.000000
100.000000
100.000000
100.000000
100.000000
100.000000
100.000000
100.000000
100.000000
100.000000
100.000000
100.000000
76.000000
96.000000
100.000000
100.000000
100.000000
100.000000
100.000000
100.000000
100.000000
100.000000
100.000000
100.000000
100.000000
100.000000
100.000000
100.000000
100.000000
100.000000
100.000000
100.000000
100.000000
100.000000
100.000000
100.000000
100.000000
100.000000
100.000000
100.000000
100.000000
100.000000
100.000000
100.000000
100.000000
100.000000
100.000000
100.000000
100.000000
100.000000
100.000000
100.000000
100.000000
94.000000
100.000000
100.000000
100.000000
100.000000
100.000000
100.000000
100.000000
100.000000
100.000000
100.000000
100.000000
100.000000
87.000000
100.000000
100.000000
