27.000000
39.000000
22.000000
30.000000
44.000000
25.000000
22.000000
22.000000
42.000000
22.000000
24.000000
22.000000
22.000000
24.000000
65.000000
42.000000
24.000000
42.000000
24.000000
44.000000
24.000000
24.000000
24.000000
24.000000
24.000000
24.000000
39.000000
24.000000
24.000000
24.000000
44.000000
24.000000
44.000000
41.000000
24.000000
24.000000
24.000000
24.000000
24.000000
24.000000
24.000000
42.000000
24.000000
41.000000
39.000000
24.000000
40.000000
40.000000
41.000000
40.000000
40.000000
41.000000
40.000000
40.000000
40.000000
41.000000
41.000000
40.000000
40.000000
40.000000
40.000000
41.000000
40.000000
41.000000
41.000000
41.000000
41.000000
40.000000
40.000000
41.000000
41.000000
39.000000
40.000000
41.000000
40.000000
40.000000
40.000000
40.000000
40.000000
40.000000
40.000000
41.000000
40.000000
40.000000
40.000000
41.000000
41.000000
41.000000
41.000000
40.000000
41.000000
41.000000
41.000000
40.000000
40.000000
40.000000
40.000000
40.000000
40.000000
40.000000
41.000000
41.000000
41.000000
41.000000
41.000000
40.000000
40.000000
40.000000
41.000000
40.000000
41.000000
40.000000
39.000000
40.000000
40.000000
41.000000
41.000000
41.000000
40.000000
40.000000
40.000000
40.000000
40.000000
41.000000
40.000000
40.000000
40.000000
40.000000
40.000000
40.000000
41.000000
40.000000
40.000000
41.000000
41.000000
41.000000
41.000000
40.000000
41.000000
41.000000
40.000000
41.000000
40.000000
41.000000
40.000000
41.000000
24.000000
40.000000
42.000000
40.000000
40.000000
40.000000
39.000000
41.000000
41.000000
41.000000
41.000000
41.000000
40.000000
40.000000
41.000000
39.000000
40.000000
41.000000
40.000000
40.000000
41.000000
40.000000
41.000000
41.000000
40.000000
40.000000
41.000000
40.000000
41.000000
41.000000
39.000000
40.000000
41.000000
41.000000
40.000000
41.000000
41.000000
40.000000
41.000000
41.000000
41.000000
41.000000
41.000000
41.000000
40.000000
41.000000
39.000000
41.000000
41.000000
39.000000
41.000000
41.000000
40.000000
41.000000
40.000000
40.000000
40.000000
40.000000
41.000000
39.000000
40.000000
41.000000
41.000000
40.000000
40.000000
40.000000
41.000000
41.000000
41.000000
41.000000
40.000000
40.000000
41.000000
40.000000
24.000000
41.000000
41.000000
41.000000
40.000000
40.000000
41.000000
41.000000
41.000000
41.000000
40.000000
41.000000
41.000000
40.000000
41.000000
40.000000
39.000000
41.000000
24.000000
41.000000
40.000000
41.000000
40.000000
40.000000
40.000000
40.000000
41.000000
41.000000
41.000000
41.000000
40.000000
40.000000
41.000000
41.000000
41.000000
41.000000
41.000000
40.000000
40.000000
40.000000
40.000000
41.000000
41.000000
40.000000
40.000000
40.000000
40.000000
41.000000
41.000000
40.000000
40.000000
39.000000
40.000000
41.000000
39.000000
40.000000
39.000000
41.000000
41.000000
39.000000
40.000000
41.000000
40.000000
41.000000
40.000000
39.000000
40.000000
39.000000
40.000000
40.000000
41.000000
41.000000
39.000000
41.000000
39.000000
39.000000
41.000000
40.000000
41.000000
40.000000
