31.000000
24.000000
28.000000
26.000000
38.000000
24.000000
23.000000
23.000000
24.000000
23.000000
23.000000
23.000000
23.000000
22.000000
24.000000
22.000000
22.000000
22.000000
41.000000
41.000000
22.000000
23.000000
23.000000
23.000000
23.000000
41.000000
23.000000
24.000000
24.000000
42.000000
23.000000
23.000000
40.000000
42.000000
23.000000
23.000000
23.000000
23.000000
42.000000
23.000000
23.000000
23.000000
23.000000
23.000000
23.000000
23.000000
42.000000
42.000000
23.000000
23.000000
23.000000
23.000000
23.000000
24.000000
24.000000
23.000000
42.000000
24.000000
42.000000
24.000000
42.000000
42.000000
24.000000
42.000000
24.000000
24.000000
24.000000
24.000000
42.000000
42.000000
42.000000
42.000000
24.000000
42.000000
24.000000
24.000000
42.000000
41.000000
24.000000
24.000000
24.000000
24.000000
42.000000
24.000000
41.000000
24.000000
24.000000
24.000000
24.000000
42.000000
24.000000
24.000000
42.000000
42.000000
24.000000
24.000000
24.000000
24.000000
42.000000
42.000000
24.000000
24.000000
24.000000
42.000000
42.000000
24.000000
24.000000
24.000000
42.000000
24.000000
24.000000
24.000000
42.000000
42.000000
24.000000
24.000000
24.000000
42.000000
24.000000
24.000000
24.000000
24.000000
42.000000
42.000000
24.000000
42.000000
24.000000
42.000000
24.000000
24.000000
24.000000
24.000000
24.000000
24.000000
42.000000
24.000000
24.000000
24.000000
24.000000
24.000000
46.000000
24.000000
42.000000
42.000000
24.000000
24.000000
42.000000
24.000000
24.000000
24.000000
42.000000
42.000000
24.000000
24.000000
24.000000
24.000000
42.000000
24.000000
41.000000
24.000000
24.000000
42.000000
24.000000
24.000000
24.000000
41.000000
24.000000
24.000000
24.000000
24.000000
42.000000
42.000000
24.000000
41.000000
42.000000
24.000000
24.000000
42.000000
24.000000
24.000000
24.000000
24.000000
42.000000
42.000000
24.000000
42.000000
24.000000
24.000000
24.000000
42.000000
42.000000
42.000000
42.000000
24.000000
42.000000
42.000000
24.000000
41.000000
42.000000
41.000000
24.000000
42.000000
24.000000
42.000000
42.000000
42.000000
24.000000
24.000000
42.000000
42.000000
42.000000
42.000000
42.000000
24.000000
24.000000
24.000000
42.000000
24.000000
42.000000
24.000000
42.000000
42.000000
24.000000
24.000000
42.000000
42.000000
42.000000
42.000000
24.000000
24.000000
42.000000
24.000000
24.000000
24.000000
42.000000
24.000000
42.000000
24.000000
42.000000
42.000000
24.000000
42.000000
24.000000
24.000000
24.000000
42.000000
42.000000
24.000000
42.000000
42.000000
24.000000
42.000000
24.000000
24.000000
42.000000
24.000000
24.000000
24.000000
42.000000
24.000000
24.000000
24.000000
24.000000
24.000000
24.000000
24.000000
24.000000
24.000000
24.000000
42.000000
24.000000
24.000000
42.000000
24.000000
24.000000
24.000000
24.000000
42.000000
42.000000
41.000000
24.000000
24.000000
24.000000
42.000000
42.000000
24.000000
24.000000
24.000000
24.000000
24.000000
42.000000
24.000000
24.000000
24.000000
42.000000
24.000000
42.000000
24.000000
24.000000
24.000000
