100.000000
67.000000
73.000000
100.000000
100.000000
100.000000
100.000000
100.000000
100.000000
100.000000
100.000000
100.000000
100.000000
100.000000
100.000000
100.000000
100.000000
27.000000
27.000000
27.000000
100.000000
27.000000
44.000000
27.000000
27.000000
27.000000
89.000000
27.000000
27.000000
27.000000
27.000000
27.000000
27.000000
79.000000
62.000000
27.000000
51.000000
94.000000
48.000000
27.000000
27.000000
40.000000
27.000000
27.000000
27.000000
27.000000
37.000000
27.000000
27.000000
73.000000
36.000000
27.000000
27.000000
27.000000
27.000000
27.000000
46.000000
27.000000
27.000000
44.000000
27.000000
27.000000
100.000000
27.000000
27.000000
27.000000
27.000000
27.000000
27.000000
27.000000
27.000000
50.000000
27.000000
27.000000
49.000000
27.000000
40.000000
27.000000
27.000000
42.000000
46.000000
36.000000
27.000000
52.000000
27.000000
27.000000
27.000000
27.000000
46.000000
37.000000
27.000000
27.000000
27.000000
27.000000
27.000000
72.000000
27.000000
27.000000
27.000000
27.000000
100.000000
41.000000
63.000000
49.000000
100.000000
27.000000
51.000000
27.000000
27.000000
27.000000
27.000000
43.000000
27.000000
27.000000
76.000000
36.000000
27.000000
27.000000
38.000000
46.000000
44.000000
57.000000
78.000000
38.000000
36.000000
36.000000
73.000000
38.000000
27.000000
27.000000
27.000000
27.000000
44.000000
34.000000
43.000000
36.000000
43.000000
88.000000
27.000000
27.000000
27.000000
38.000000
52.000000
62.000000
27.000000
27.000000
27.000000
27.000000
27.000000
27.000000
41.000000
34.000000
41.000000
27.000000
34.000000
74.000000
27.000000
27.000000
27.000000
27.000000
38.000000
27.000000
27.000000
79.000000
59.000000
37.000000
27.000000
27.000000
27.000000
27.000000
36.000000
45.000000
28.000000
27.000000
27.000000
38.000000
27.000000
42.000000
27.000000
47.000000
38.000000
50.000000
33.000000
27.000000
51.000000
27.000000
27.000000
55.000000
45.000000
48.000000
27.000000
27.000000
54.000000
28.000000
27.000000
44.000000
28.000000
43.000000
27.000000
27.000000
38.000000
41.000000
27.000000
27.000000
27.000000
28.000000
27.000000
36.000000
27.000000
27.000000
55.000000
27.000000
27.000000
28.000000
40.000000
27.000000
27.000000
27.000000
36.000000
44.000000
27.000000
45.000000
27.000000
27.000000
27.000000
27.000000
27.000000
27.000000
27.000000
27.000000
27.000000
27.000000
27.000000
27.000000
27.000000
27.000000
65.000000
27.000000
27.000000
27.000000
27.000000
27.000000
27.000000
27.000000
28.000000
27.000000
40.000000
27.000000
27.000000
27.000000
27.000000
27.000000
76.000000
27.000000
28.000000
27.000000
27.000000
27.000000
27.000000
27.000000
27.000000
27.000000
27.000000
27.000000
27.000000
27.000000
27.000000
27.000000
27.000000
27.000000
27.000000
27.000000
28.000000
27.000000
28.000000
27.000000
27.000000
27.000000
27.000000
28.000000
27.000000
27.000000
27.000000
27.000000
27.000000
27.000000
27.000000
27.000000
27.000000
27.000000
28.000000
28.000000
27.000000
27.000000
27.000000
27.000000
27.000000
27.000000
27.000000
27.000000
