29.000000
35.000000
28.000000
27.000000
36.000000
27.000000
28.000000
41.000000
22.000000
39.000000
22.000000
43.000000
32.000000
100.000000
32.000000
31.000000
32.000000
32.000000
100.000000
54.000000
32.000000
32.000000
32.000000
32.000000
57.000000
57.000000
100.000000
57.000000
32.000000
57.000000
100.000000
66.000000
34.000000
100.000000
100.000000
100.000000
100.000000
70.000000
100.000000
45.000000
100.000000
100.000000
58.000000
100.000000
37.000000
34.000000
72.000000
100.000000
63.000000
67.000000
100.000000
48.000000
100.000000
48.000000
48.000000
100.000000
42.000000
100.000000
100.000000
100.000000
100.000000
100.000000
100.000000
100.000000
100.000000
100.000000
63.000000
88.000000
100.000000
100.000000
100.000000
86.000000
100.000000
100.000000
34.000000
35.000000
34.000000
34.000000
34.000000
34.000000
61.000000
85.000000
35.000000
100.000000
100.000000
87.000000
34.000000
34.000000
34.000000
60.000000
35.000000
34.000000
88.000000
34.000000
34.000000
34.000000
35.000000
34.000000
60.000000
34.000000
100.000000
61.000000
34.000000
35.000000
58.000000
61.000000
86.000000
34.000000
34.000000
34.000000
34.000000
34.000000
100.000000
34.000000
60.000000
58.000000
35.000000
34.000000
60.000000
34.000000
34.000000
34.000000
34.000000
100.000000
60.000000
34.000000
34.000000
33.000000
33.000000
100.000000
59.000000
59.000000
33.000000
33.000000
33.000000
33.000000
33.000000
58.000000
58.000000
33.000000
33.000000
33.000000
33.000000
61.000000
35.000000
61.000000
33.000000
58.000000
58.000000
33.000000
59.000000
34.000000
34.000000
59.000000
33.000000
60.000000
60.000000
33.000000
33.000000
33.000000
33.000000
33.000000
33.000000
100.000000
34.000000
34.000000
34.000000
34.000000
34.000000
34.000000
34.000000
33.000000
33.000000
33.000000
33.000000
33.000000
33.000000
55.000000
33.000000
57.000000
33.000000
33.000000
33.000000
33.000000
57.000000
33.000000
33.000000
85.000000
60.000000
34.000000
34.000000
34.000000
34.000000
34.000000
34.000000
34.000000
81.000000
34.000000
58.000000
34.000000
34.000000
59.000000
33.000000
33.000000
83.000000
58.000000
34.000000
59.000000
34.000000
86.000000
86.000000
34.000000
34.000000
34.000000
34.000000
34.000000
35.000000
34.000000
35.000000
59.000000
34.000000
34.000000
34.000000
34.000000
34.000000
34.000000
34.000000
60.000000
61.000000
35.000000
34.000000
85.000000
34.000000
34.000000
34.000000
35.000000
34.000000
59.000000
34.000000
60.000000
59.000000
86.000000
34.000000
60.000000
34.000000
34.000000
56.000000
34.000000
34.000000
59.000000
34.000000
83.000000
34.000000
34.000000
34.000000
34.000000
34.000000
34.000000
34.000000
34.000000
34.000000
34.000000
34.000000
34.000000
34.000000
34.000000
34.000000
60.000000
34.000000
34.000000
34.000000
34.000000
60.000000
58.000000
85.000000
34.000000
59.000000
34.000000
59.000000
34.000000
34.000000
34.000000
34.000000
59.000000
61.000000
34.000000
34.000000
34.000000
35.000000
60.000000
34.000000
34.000000
34.000000
58.000000
34.000000
34.000000
34.000000
34.000000
87.000000
34.000000
