41.000000
42.000000
28.000000
91.000000
24.000000
42.000000
22.000000
22.000000
24.000000
41.000000
100.000000
46.000000
100.000000
24.000000
100.000000
24.000000
100.000000
48.000000
24.000000
24.000000
88.000000
46.000000
66.000000
67.000000
100.000000
100.000000
24.000000
67.000000
89.000000
67.000000
100.000000
24.000000
100.000000
89.000000
100.000000
100.000000
100.000000
100.000000
90.000000
100.000000
100.000000
100.000000
67.000000
89.000000
100.000000
100.000000
100.000000
100.000000
100.000000
100.000000
100.000000
100.000000
100.000000
100.000000
24.000000
24.000000
100.000000
100.000000
100.000000
100.000000
100.000000
100.000000
100.000000
100.000000
100.000000
100.000000
100.000000
100.000000
100.000000
100.000000
24.000000
24.000000
100.000000
100.000000
100.000000
100.000000
67.000000
100.000000
100.000000
24.000000
100.000000
100.000000
100.000000
100.000000
100.000000
100.000000
100.000000
100.000000
100.000000
100.000000
24.000000
100.000000
100.000000
100.000000
100.000000
100.000000
100.000000
100.000000
100.000000
24.000000
100.000000
100.000000
100.000000
100.000000
100.000000
100.000000
100.000000
100.000000
100.000000
100.000000
24.000000
100.000000
100.000000
100.000000
100.000000
100.000000
88.000000
100.000000
100.000000
100.000000
100.000000
100.000000
100.000000
100.000000
100.000000
100.000000
100.000000
100.000000
100.000000
100.000000
24.000000
100.000000
24.000000
100.000000
24.000000
100.000000
24.000000
100.000000
100.000000
100.000000
100.000000
100.000000
24.000000
100.000000
100.000000
100.000000
24.000000
100.000000
100.000000
100.000000
100.000000
100.000000
100.000000
24.000000
100.000000
100.000000
100.000000
100.000000
100.000000
100.000000
100.000000
100.000000
24.000000
24.000000
100.000000
100.000000
100.000000
100.000000
100.000000
100.000000
100.000000
100.000000
24.000000
24.000000
100.000000
100.000000
100.000000
24.000000
24.000000
24.000000
100.000000
100.000000
100.000000
100.000000
100.000000
100.000000
24.000000
100.000000
24.000000
24.000000
100.000000
100.000000
100.000000
100.000000
100.000000
100.000000
100.000000
100.000000
100.000000
100.000000
100.000000
100.000000
24.000000
100.000000
100.000000
100.000000
100.000000
100.000000
100.000000
100.000000
100.000000
100.000000
100.000000
100.000000
100.000000
100.000000
100.000000
24.000000
24.000000
100.000000
100.000000
100.000000
100.000000
100.000000
100.000000
100.000000
100.000000
100.000000
24.000000
100.000000
100.000000
100.000000
100.000000
24.000000
100.000000
24.000000
24.000000
100.000000
100.000000
24.000000
100.000000
100.000000
100.000000
100.000000
100.000000
100.000000
100.000000
100.000000
100.000000
100.000000
100.000000
100.000000
100.000000
100.000000
100.000000
100.000000
24.000000
24.000000
100.000000
100.000000
100.000000
100.000000
100.000000
24.000000
100.000000
100.000000
24.000000
24.000000
100.000000
100.000000
100.000000
100.000000
