27.000000
27.000000
24.000000
48.000000
27.000000
26.000000
22.000000
22.000000
44.000000
24.000000
24.000000
22.000000
24.000000
22.000000
27.000000
27.000000
22.000000
27.000000
27.000000
27.000000
27.000000
27.000000
27.000000
27.000000
27.000000
27.000000
27.000000
27.000000
27.000000
27.000000
27.000000
27.000000
27.000000
27.000000
27.000000
27.000000
27.000000
27.000000
27.000000
27.000000
27.000000
27.000000
27.000000
27.000000
27.000000
27.000000
27.000000
27.000000
27.000000
27.000000
27.000000
27.000000
27.000000
27.000000
27.000000
27.000000
27.000000
27.000000
27.000000
27.000000
27.000000
27.000000
27.000000
27.000000
27.000000
27.000000
27.000000
27.000000
27.000000
27.000000
27.000000
27.000000
27.000000
27.000000
27.000000
27.000000
27.000000
27.000000
27.000000
27.000000
27.000000
27.000000
27.000000
27.000000
27.000000
27.000000
27.000000
27.000000
27.000000
27.000000
27.000000
27.000000
27.000000
27.000000
27.000000
27.000000
27.000000
27.000000
27.000000
27.000000
27.000000
27.000000
27.000000
27.000000
27.000000
27.000000
27.000000
27.000000
27.000000
27.000000
27.000000
27.000000
27.000000
27.000000
27.000000
27.000000
27.000000
27.000000
27.000000
27.000000
27.000000
27.000000
27.000000
27.000000
27.000000
27.000000
27.000000
27.000000
27.000000
27.000000
27.000000
27.000000
27.000000
27.000000
27.000000
27.000000
27.000000
27.000000
27.000000
27.000000
27.000000
27.000000
27.000000
27.000000
27.000000
27.000000
27.000000
27.000000
27.000000
27.000000
27.000000
52.000000
27.000000
27.000000
27.000000
27.000000
27.000000
27.000000
27.000000
27.000000
27.000000
27.000000
27.000000
27.000000
27.000000
27.000000
27.000000
27.000000
27.000000
27.000000
27.000000
27.000000
27.000000
27.000000
27.000000
27.000000
27.000000
27.000000
27.000000
27.000000
27.000000
27.000000
27.000000
27.000000
27.000000
27.000000
27.000000
27.000000
27.000000
27.000000
27.000000
27.000000
27.000000
27.000000
27.000000
27.000000
27.000000
27.000000
27.000000
27.000000
27.000000
27.000000
27.000000
27.000000
27.000000
27.000000
27.000000
27.000000
27.000000
27.000000
27.000000
27.000000
27.000000
27.000000
27.000000
27.000000
27.000000
27.000000
27.000000
27.000000
27.000000
27.000000
27.000000
27.000000
27.000000
27.000000
27.000000
27.000000
27.000000
27.000000
27.000000
27.000000
27.000000
27.000000
27.000000
27.000000
27.000000
27.000000
27.000000
27.000000
27.000000
27.000000
27.000000
27.000000
27.000000
27.000000
27.000000
27.000000
27.000000
27.000000
27.000000
27.000000
27.000000
27.000000
27.000000
51.000000
27.000000
27.000000
27.000000
27.000000
27.000000
27.000000
51.000000
27.000000
79.000000
75.000000
75.000000
75.000000
51.000000
51.000000
75.000000
75.000000
75.000000
75.000000
75.000000
75.000000
75.000000
75.000000
75.000000
75.000000
75.000000
79.000000
75.000000
79.000000
75.000000
79.000000
79.000000
51.000000
79.000000
79.000000
75.000000
75.000000
75.000000
75.000000
79.000000
75.000000
75.000000
79.000000
51.000000
75.000000
