29.000000
28.000000
22.000000
52.000000
22.000000
22.000000
22.000000
22.000000
22.000000
36.000000
34.000000
35.000000
77.000000
35.000000
32.000000
32.000000
100.000000
46.000000
45.000000
44.000000
57.000000
37.000000
33.000000
83.000000
33.000000
61.000000
33.000000
32.000000
32.000000
35.000000
34.000000
33.000000
33.000000
33.000000
34.000000
34.000000
35.000000
100.000000
100.000000
100.000000
100.000000
36.000000
100.000000
86.000000
34.000000
34.000000
35.000000
34.000000
34.000000
62.000000
34.000000
34.000000
33.000000
59.000000
61.000000
34.000000
89.000000
34.000000
34.000000
34.000000
62.000000
34.000000
36.000000
100.000000
100.000000
64.000000
37.000000
34.000000
100.000000
100.000000
46.000000
90.000000
100.000000
65.000000
38.000000
65.000000
61.000000
62.000000
36.000000
34.000000
34.000000
35.000000
34.000000
34.000000
34.000000
34.000000
35.000000
34.000000
34.000000
36.000000
34.000000
34.000000
100.000000
35.000000
34.000000
34.000000
34.000000
60.000000
34.000000
62.000000
61.000000
34.000000
34.000000
35.000000
63.000000
35.000000
34.000000
64.000000
34.000000
34.000000
34.000000
34.000000
35.000000
34.000000
34.000000
34.000000
61.000000
34.000000
34.000000
35.000000
34.000000
34.000000
63.000000
34.000000
34.000000
35.000000
35.000000
87.000000
34.000000
60.000000
88.000000
34.000000
86.000000
35.000000
34.000000
59.000000
35.000000
35.000000
60.000000
33.000000
33.000000
34.000000
34.000000
59.000000
100.000000
33.000000
34.000000
35.000000
35.000000
35.000000
34.000000
60.000000
35.000000
34.000000
34.000000
34.000000
34.000000
59.000000
35.000000
34.000000
35.000000
34.000000
60.000000
35.000000
61.000000
62.000000
89.000000
35.000000
61.000000
34.000000
35.000000
60.000000
60.000000
34.000000
34.000000
34.000000
34.000000
34.000000
35.000000
60.000000
62.000000
34.000000
34.000000
59.000000
100.000000
35.000000
35.000000
35.000000
34.000000
60.000000
34.000000
34.000000
34.000000
34.000000
34.000000
100.000000
34.000000
34.000000
34.000000
34.000000
100.000000
34.000000
100.000000
34.000000
35.000000
34.000000
36.000000
34.000000
34.000000
34.000000
34.000000
35.000000
34.000000
34.000000
36.000000
34.000000
34.000000
34.000000
90.000000
34.000000
61.000000
35.000000
34.000000
59.000000
34.000000
34.000000
35.000000
63.000000
62.000000
34.000000
62.000000
35.000000
62.000000
61.000000
35.000000
62.000000
34.000000
89.000000
34.000000
34.000000
90.000000
35.000000
90.000000
61.000000
62.000000
35.000000
35.000000
34.000000
34.000000
35.000000
35.000000
87.000000
35.000000
35.000000
35.000000
34.000000
60.000000
35.000000
34.000000
34.000000
60.000000
100.000000
62.000000
34.000000
34.000000
34.000000
36.000000
60.000000
34.000000
34.000000
34.000000
63.000000
34.000000
35.000000
34.000000
34.000000
34.000000
34.000000
34.000000
35.000000
34.000000
63.000000
34.000000
62.000000
61.000000
34.000000
88.000000
35.000000
34.000000
88.000000
100.000000
34.000000
34.000000
36.000000
62.000000
35.000000
34.000000
34.000000
59.000000
34.000000
