27.000000
32.000000
22.000000
24.000000
22.000000
26.000000
22.000000
22.000000
22.000000
24.000000
42.000000
27.000000
29.000000
27.000000
22.000000
22.000000
22.000000
24.000000
22.000000
22.000000
22.000000
24.000000
22.000000
22.000000
22.000000
22.000000
27.000000
27.000000
27.000000
27.000000
22.000000
27.000000
27.000000
27.000000
22.000000
27.000000
27.000000
27.000000
27.000000
27.000000
27.000000
75.000000
27.000000
27.000000
27.000000
27.000000
27.000000
27.000000
27.000000
100.000000
27.000000
27.000000
27.000000
27.000000
27.000000
100.000000
27.000000
27.000000
27.000000
27.000000
100.000000
27.000000
100.000000
27.000000
100.000000
27.000000
27.000000
27.000000
27.000000
100.000000
27.000000
27.000000
100.000000
98.000000
27.000000
27.000000
100.000000
27.000000
96.000000
27.000000
27.000000
100.000000
100.000000
27.000000
100.000000
100.000000
27.000000
27.000000
27.000000
100.000000
100.000000
100.000000
27.000000
100.000000
100.000000
27.000000
100.000000
100.000000
100.000000
100.000000
27.000000
99.000000
100.000000
27.000000
100.000000
27.000000
27.000000
100.000000
100.000000
27.000000
100.000000
100.000000
100.000000
27.000000
100.000000
27.000000
27.000000
27.000000
27.000000
27.000000
100.000000
100.000000
100.000000
100.000000
100.000000
27.000000
27.000000
27.000000
100.000000
100.000000
99.000000
27.000000
100.000000
27.000000
27.000000
27.000000
100.000000
100.000000
27.000000
100.000000
27.000000
100.000000
27.000000
100.000000
100.000000
100.000000
100.000000
100.000000
27.000000
27.000000
100.000000
100.000000
27.000000
27.000000
27.000000
99.000000
27.000000
27.000000
27.000000
99.000000
100.000000
100.000000
100.000000
100.000000
100.000000
100.000000
100.000000
100.000000
100.000000
100.000000
100.000000
100.000000
100.000000
100.000000
27.000000
100.000000
27.000000
27.000000
27.000000
100.000000
100.000000
100.000000
27.000000
99.000000
100.000000
100.000000
100.000000
27.000000
27.000000
27.000000
100.000000
100.000000
27.000000
27.000000
99.000000
100.000000
99.000000
100.000000
100.000000
100.000000
100.000000
27.000000
100.000000
100.000000
100.000000
27.000000
98.000000
27.000000
100.000000
100.000000
27.000000
100.000000
98.000000
27.000000
100.000000
98.000000
100.000000
97.000000
98.000000
98.000000
27.000000
98.000000
27.000000
27.000000
27.000000
100.000000
97.000000
27.000000
98.000000
27.000000
98.000000
98.000000
27.000000
27.000000
98.000000
27.000000
27.000000
100.000000
98.000000
98.000000
27.000000
27.000000
27.000000
27.000000
27.000000
27.000000
27.000000
98.000000
97.000000
27.000000
98.000000
98.000000
27.000000
27.000000
100.000000
98.000000
98.000000
98.000000
27.000000
27.000000
98.000000
100.000000
100.000000
98.000000
98.000000
73.000000
100.000000
100.000000
98.000000
98.000000
96.000000
96.000000
100.000000
96.000000
98.000000
100.000000
100.000000
27.000000
27.000000
100.000000
27.000000
100.000000
100.000000
27.000000
27.000000
100.000000
27.000000
100.000000
100.000000
27.000000
27.000000
97.000000
27.000000
27.000000
27.000000
100.000000
27.000000
27.000000
27.000000
100.000000
