28.000000
22.000000
28.000000
27.000000
28.000000
28.000000
27.000000
22.000000
28.000000
27.000000
28.000000
28.000000
28.000000
27.000000
31.000000
27.000000
22.000000
22.000000
22.000000
22.000000
22.000000
22.000000
22.000000
43.000000
48.000000
100.000000
100.000000
33.000000
35.000000
59.000000
60.000000
33.000000
100.000000
100.000000
35.000000
34.000000
35.000000
33.000000
35.000000
33.000000
87.000000
88.000000
34.000000
34.000000
34.000000
34.000000
34.000000
34.000000
34.000000
34.000000
34.000000
36.000000
34.000000
60.000000
33.000000
33.000000
58.000000
33.000000
34.000000
34.000000
34.000000
33.000000
59.000000
100.000000
34.000000
60.000000
33.000000
36.000000
62.000000
100.000000
34.000000
63.000000
87.000000
35.000000
38.000000
100.000000
34.000000
60.000000
35.000000
100.000000
89.000000
36.000000
36.000000
60.000000
36.000000
35.000000
59.000000
60.000000
34.000000
34.000000
34.000000
34.000000
35.000000
62.000000
34.000000
35.000000
34.000000
34.000000
62.000000
34.000000
87.000000
34.000000
35.000000
34.000000
62.000000
34.000000
37.000000
35.000000
60.000000
36.000000
90.000000
64.000000
36.000000
63.000000
36.000000
34.000000
36.000000
36.000000
90.000000
34.000000
62.000000
34.000000
92.000000
35.000000
35.000000
34.000000
35.000000
34.000000
35.000000
35.000000
34.000000
35.000000
61.000000
61.000000
34.000000
35.000000
34.000000
59.000000
82.000000
86.000000
35.000000
34.000000
61.000000
34.000000
34.000000
34.000000
34.000000
34.000000
34.000000
34.000000
34.000000
34.000000
34.000000
34.000000
84.000000
34.000000
34.000000
34.000000
34.000000
34.000000
34.000000
34.000000
34.000000
34.000000
34.000000
34.000000
61.000000
34.000000
34.000000
34.000000
35.000000
35.000000
34.000000
34.000000
35.000000
34.000000
34.000000
34.000000
34.000000
34.000000
61.000000
60.000000
34.000000
34.000000
60.000000
34.000000
34.000000
58.000000
60.000000
34.000000
85.000000
34.000000
34.000000
34.000000
61.000000
35.000000
34.000000
34.000000
62.000000
61.000000
34.000000
100.000000
34.000000
84.000000
60.000000
34.000000
61.000000
34.000000
34.000000
34.000000
34.000000
34.000000
34.000000
34.000000
34.000000
35.000000
61.000000
35.000000
34.000000
35.000000
62.000000
34.000000
34.000000
34.000000
34.000000
34.000000
62.000000
34.000000
34.000000
34.000000
35.000000
34.000000
86.000000
61.000000
34.000000
35.000000
61.000000
34.000000
35.000000
35.000000
36.000000
61.000000
88.000000
34.000000
61.000000
35.000000
35.000000
60.000000
36.000000
36.000000
34.000000
36.000000
37.000000
37.000000
36.000000
100.000000
37.000000
37.000000
37.000000
63.000000
91.000000
45.000000
64.000000
34.000000
88.000000
87.000000
36.000000
36.000000
36.000000
36.000000
36.000000
36.000000
36.000000
36.000000
64.000000
35.000000
34.000000
63.000000
64.000000
63.000000
36.000000
36.000000
36.000000
36.000000
36.000000
35.000000
36.000000
62.000000
36.000000
36.000000
35.000000
35.000000
37.000000
36.000000
36.000000
36.000000
36.000000
36.000000
35.000000
36.000000
