22.000000
25.000000
22.000000
22.000000
33.000000
36.000000
22.000000
24.000000
34.000000
31.000000
28.000000
22.000000
24.000000
22.000000
29.000000
22.000000
22.000000
22.000000
22.000000
22.000000
22.000000
22.000000
22.000000
22.000000
22.000000
22.000000
22.000000
22.000000
22.000000
22.000000
22.000000
22.000000
24.000000
100.000000
68.000000
100.000000
24.000000
47.000000
48.000000
27.000000
71.000000
27.000000
100.000000
27.000000
100.000000
27.000000
100.000000
48.000000
27.000000
100.000000
27.000000
27.000000
100.000000
100.000000
27.000000
27.000000
27.000000
27.000000
27.000000
97.000000
100.000000
100.000000
27.000000
27.000000
27.000000
27.000000
27.000000
27.000000
100.000000
27.000000
27.000000
27.000000
27.000000
100.000000
27.000000
27.000000
100.000000
27.000000
27.000000
100.000000
27.000000
100.000000
100.000000
100.000000
27.000000
27.000000
100.000000
100.000000
100.000000
27.000000
96.000000
100.000000
96.000000
100.000000
27.000000
100.000000
27.000000
27.000000
27.000000
27.000000
27.000000
100.000000
27.000000
27.000000
27.000000
27.000000
100.000000
27.000000
27.000000
27.000000
100.000000
99.000000
100.000000
100.000000
100.000000
27.000000
100.000000
100.000000
100.000000
100.000000
100.000000
27.000000
27.000000
27.000000
27.000000
27.000000
100.000000
100.000000
100.000000
27.000000
27.000000
98.000000
100.000000
100.000000
27.000000
27.000000
98.000000
98.000000
27.000000
98.000000
100.000000
100.000000
100.000000
100.000000
98.000000
27.000000
100.000000
100.000000
100.000000
100.000000
96.000000
100.000000
98.000000
98.000000
100.000000
98.000000
98.000000
98.000000
98.000000
100.000000
100.000000
100.000000
98.000000
100.000000
98.000000
98.000000
98.000000
98.000000
100.000000
98.000000
98.000000
98.000000
98.000000
98.000000
98.000000
98.000000
100.000000
98.000000
98.000000
98.000000
98.000000
98.000000
98.000000
98.000000
100.000000
98.000000
98.000000
98.000000
98.000000
100.000000
100.000000
100.000000
100.000000
100.000000
100.000000
100.000000
100.000000
100.000000
100.000000
100.000000
100.000000
100.000000
100.000000
100.000000
100.000000
100.000000
100.000000
100.000000
100.000000
100.000000
100.000000
100.000000
100.000000
100.000000
100.000000
100.000000
100.000000
100.000000
100.000000
100.000000
100.000000
100.000000
100.000000
100.000000
100.000000
100.000000
100.000000
100.000000
100.000000
100.000000
100.000000
100.000000
100.000000
100.000000
100.000000
100.000000
100.000000
100.000000
100.000000
100.000000
100.000000
100.000000
100.000000
100.000000
100.000000
100.000000
100.000000
100.000000
100.000000
97.000000
97.000000
100.000000
100.000000
100.000000
100.000000
100.000000
100.000000
100.000000
100.000000
100.000000
100.000000
100.000000
100.000000
100.000000
100.000000
100.000000
100.000000
100.000000
100.000000
100.000000
100.000000
100.000000
100.000000
100.000000
100.000000
100.000000
100.000000
100.000000
100.000000
100.000000
100.000000
100.000000
97.000000
100.000000
100.000000
100.000000
100.000000
100.000000
100.000000
100.000000
100.000000
100.000000
100.000000
100.000000
100.000000
100.000000
100.000000
