51.000000
100.000000
83.000000
27.000000
27.000000
27.000000
27.000000
74.000000
89.000000
73.000000
64.000000
27.000000
57.000000
43.000000
88.000000
100.000000
100.000000
49.000000
100.000000
64.000000
89.000000
27.000000
27.000000
27.000000
47.000000
27.000000
27.000000
27.000000
55.000000
100.000000
27.000000
49.000000
27.000000
27.000000
27.000000
27.000000
27.000000
57.000000
27.000000
27.000000
27.000000
75.000000
27.000000
27.000000
27.000000
43.000000
27.000000
27.000000
27.000000
100.000000
27.000000
27.000000
42.000000
27.000000
27.000000
27.000000
27.000000
27.000000
27.000000
27.000000
27.000000
27.000000
27.000000
27.000000
27.000000
27.000000
27.000000
27.000000
27.000000
27.000000
27.000000
27.000000
27.000000
27.000000
27.000000
27.000000
27.000000
27.000000
27.000000
27.000000
27.000000
27.000000
27.000000
27.000000
27.000000
27.000000
27.000000
27.000000
27.000000
27.000000
27.000000
27.000000
27.000000
27.000000
27.000000
27.000000
27.000000
27.000000
27.000000
27.000000
51.000000
27.000000
27.000000
36.000000
27.000000
27.000000
27.000000
27.000000
51.000000
37.000000
27.000000
33.000000
74.000000
27.000000
27.000000
27.000000
27.000000
27.000000
27.000000
55.000000
28.000000
28.000000
28.000000
28.000000
27.000000
28.000000
28.000000
28.000000
27.000000
27.000000
28.000000
28.000000
28.000000
41.000000
28.000000
28.000000
28.000000
27.000000
27.000000
28.000000
28.000000
51.000000
28.000000
27.000000
28.000000
27.000000
27.000000
28.000000
28.000000
28.000000
27.000000
28.000000
27.000000
27.000000
51.000000
27.000000
28.000000
27.000000
28.000000
28.000000
28.000000
27.000000
27.000000
27.000000
27.000000
27.000000
27.000000
27.000000
27.000000
28.000000
27.000000
27.000000
27.000000
27.000000
27.000000
27.000000
28.000000
27.000000
27.000000
28.000000
27.000000
27.000000
52.000000
28.000000
27.000000
27.000000
51.000000
51.000000
27.000000
27.000000
27.000000
54.000000
27.000000
51.000000
28.000000
27.000000
27.000000
27.000000
27.000000
51.000000
28.000000
51.000000
52.000000
27.000000
48.000000
33.000000
27.000000
36.000000
27.000000
27.000000
51.000000
28.000000
64.000000
28.000000
100.000000
63.000000
28.000000
51.000000
36.000000
46.000000
27.000000
28.000000
28.000000
27.000000
28.000000
28.000000
57.000000
27.000000
27.000000
28.000000
27.000000
27.000000
27.000000
28.000000
27.000000
27.000000
27.000000
27.000000
27.000000
27.000000
27.000000
27.000000
27.000000
27.000000
27.000000
34.000000
28.000000
27.000000
27.000000
27.000000
27.000000
46.000000
27.000000
27.000000
28.000000
28.000000
27.000000
28.000000
27.000000
28.000000
27.000000
28.000000
27.000000
28.000000
27.000000
27.000000
48.000000
28.000000
28.000000
28.000000
28.000000
27.000000
28.000000
28.000000
46.000000
28.000000
52.000000
27.000000
27.000000
28.000000
27.000000
28.000000
27.000000
69.000000
27.000000
28.000000
27.000000
28.000000
27.000000
27.000000
28.000000
27.000000
27.000000
27.000000
28.000000
34.000000
27.000000
27.000000
51.000000
27.000000
