60.000000
32.000000
32.000000
27.000000
94.000000
46.000000
27.000000
40.000000
67.000000
27.000000
28.000000
44.000000
66.000000
27.000000
27.000000
38.000000
27.000000
28.000000
27.000000
27.000000
27.000000
75.000000
27.000000
27.000000
27.000000
27.000000
27.000000
27.000000
27.000000
27.000000
27.000000
27.000000
27.000000
27.000000
27.000000
27.000000
27.000000
27.000000
27.000000
27.000000
27.000000
27.000000
27.000000
27.000000
27.000000
27.000000
27.000000
27.000000
29.000000
27.000000
27.000000
27.000000
27.000000
27.000000
27.000000
27.000000
27.000000
27.000000
27.000000
27.000000
27.000000
27.000000
27.000000
27.000000
27.000000
27.000000
27.000000
27.000000
27.000000
27.000000
27.000000
27.000000
27.000000
27.000000
27.000000
27.000000
27.000000
27.000000
27.000000
30.000000
27.000000
39.000000
27.000000
27.000000
27.000000
27.000000
27.000000
27.000000
27.000000
37.000000
27.000000
27.000000
27.000000
27.000000
27.000000
27.000000
28.000000
28.000000
27.000000
27.000000
28.000000
27.000000
45.000000
27.000000
27.000000
27.000000
27.000000
27.000000
27.000000
27.000000
27.000000
40.000000
27.000000
49.000000
27.000000
39.000000
27.000000
27.000000
27.000000
47.000000
27.000000
27.000000
29.000000
28.000000
27.000000
27.000000
27.000000
27.000000
28.000000
28.000000
27.000000
28.000000
27.000000
27.000000
27.000000
27.000000
27.000000
27.000000
27.000000
27.000000
36.000000
27.000000
28.000000
27.000000
27.000000
27.000000
27.000000
27.000000
27.000000
27.000000
27.000000
27.000000
27.000000
28.000000
27.000000
27.000000
27.000000
27.000000
27.000000
27.000000
27.000000
27.000000
27.000000
27.000000
27.000000
27.000000
29.000000
27.000000
27.000000
28.000000
27.000000
27.000000
27.000000
28.000000
28.000000
27.000000
27.000000
27.000000
27.000000
28.000000
27.000000
27.000000
32.000000
27.000000
27.000000
28.000000
27.000000
28.000000
27.000000
27.000000
28.000000
27.000000
27.000000
28.000000
27.000000
27.000000
27.000000
27.000000
27.000000
27.000000
27.000000
27.000000
27.000000
28.000000
27.000000
27.000000
27.000000
27.000000
27.000000
27.000000
27.000000
27.000000
27.000000
27.000000
27.000000
28.000000
31.000000
27.000000
27.000000
27.000000
27.000000
27.000000
27.000000
27.000000
27.000000
28.000000
40.000000
27.000000
27.000000
28.000000
27.000000
27.000000
28.000000
27.000000
27.000000
28.000000
28.000000
27.000000
27.000000
27.000000
27.000000
28.000000
27.000000
28.000000
27.000000
27.000000
27.000000
27.000000
27.000000
27.000000
28.000000
27.000000
27.000000
28.000000
27.000000
27.000000
27.000000
27.000000
28.000000
27.000000
27.000000
27.000000
28.000000
27.000000
27.000000
28.000000
27.000000
27.000000
27.000000
27.000000
27.000000
28.000000
27.000000
27.000000
27.000000
27.000000
28.000000
27.000000
27.000000
27.000000
27.000000
27.000000
27.000000
27.000000
28.000000
27.000000
27.000000
35.000000
27.000000
28.000000
27.000000
27.000000
27.000000
27.000000
27.000000
27.000000
27.000000
27.000000
27.000000
28.000000
