22.000000
48.000000
27.000000
22.000000
22.000000
29.000000
22.000000
53.000000
22.000000
22.000000
22.000000
65.000000
22.000000
27.000000
22.000000
22.000000
22.000000
22.000000
22.000000
22.000000
22.000000
39.000000
22.000000
22.000000
22.000000
22.000000
22.000000
38.000000
22.000000
22.000000
22.000000
22.000000
22.000000
22.000000
22.000000
22.000000
22.000000
22.000000
22.000000
22.000000
22.000000
27.000000
22.000000
22.000000
22.000000
41.000000
27.000000
22.000000
22.000000
22.000000
22.000000
22.000000
27.000000
22.000000
22.000000
22.000000
22.000000
22.000000
22.000000
22.000000
22.000000
22.000000
27.000000
22.000000
22.000000
22.000000
22.000000
22.000000
22.000000
22.000000
22.000000
22.000000
22.000000
22.000000
22.000000
22.000000
22.000000
22.000000
22.000000
27.000000
22.000000
22.000000
22.000000
22.000000
22.000000
22.000000
22.000000
22.000000
22.000000
22.000000
22.000000
22.000000
22.000000
22.000000
22.000000
22.000000
22.000000
22.000000
22.000000
22.000000
22.000000
42.000000
22.000000
22.000000
22.000000
22.000000
22.000000
22.000000
22.000000
22.000000
22.000000
22.000000
22.000000
22.000000
22.000000
22.000000
22.000000
22.000000
22.000000
42.000000
22.000000
22.000000
22.000000
22.000000
22.000000
22.000000
22.000000
22.000000
22.000000
22.000000
22.000000
22.000000
22.000000
42.000000
22.000000
22.000000
22.000000
22.000000
22.000000
22.000000
22.000000
22.000000
22.000000
22.000000
42.000000
22.000000
22.000000
22.000000
22.000000
22.000000
22.000000
22.000000
22.000000
22.000000
22.000000
22.000000
22.000000
22.000000
22.000000
22.000000
22.000000
22.000000
22.000000
42.000000
22.000000
22.000000
22.000000
22.000000
22.000000
22.000000
22.000000
27.000000
22.000000
22.000000
22.000000
22.000000
22.000000
22.000000
22.000000
22.000000
22.000000
22.000000
22.000000
22.000000
22.000000
22.000000
22.000000
22.000000
22.000000
22.000000
22.000000
22.000000
22.000000
22.000000
22.000000
22.000000
22.000000
22.000000
22.000000
22.000000
22.000000
22.000000
22.000000
22.000000
22.000000
22.000000
22.000000
22.000000
42.000000
22.000000
22.000000
22.000000
22.000000
22.000000
22.000000
22.000000
22.000000
22.000000
22.000000
22.000000
22.000000
22.000000
22.000000
22.000000
22.000000
47.000000
22.000000
22.000000
22.000000
22.000000
22.000000
22.000000
22.000000
22.000000
22.000000
22.000000
22.000000
22.000000
22.000000
22.000000
22.000000
22.000000
22.000000
22.000000
22.000000
22.000000
22.000000
22.000000
22.000000
22.000000
22.000000
22.000000
22.000000
22.000000
22.000000
22.000000
27.000000
22.000000
22.000000
22.000000
22.000000
22.000000
22.000000
22.000000
22.000000
22.000000
22.000000
22.000000
22.000000
22.000000
22.000000
22.000000
22.000000
22.000000
22.000000
22.000000
22.000000
22.000000
22.000000
22.000000
22.000000
22.000000
22.000000
22.000000
22.000000
22.000000
22.000000
22.000000
22.000000
22.000000
22.000000
22.000000
22.000000
22.000000
22.000000
22.000000
22.000000
22.000000
22.000000
22.000000
