29.000000
33.000000
22.000000
32.000000
32.000000
22.000000
31.000000
32.000000
31.000000
30.000000
27.000000
33.000000
22.000000
38.000000
33.000000
32.000000
34.000000
33.000000
31.000000
33.000000
57.000000
32.000000
22.000000
100.000000
100.000000
52.000000
33.000000
100.000000
60.000000
100.000000
62.000000
36.000000
61.000000
34.000000
100.000000
100.000000
100.000000
100.000000
100.000000
100.000000
100.000000
100.000000
100.000000
34.000000
100.000000
100.000000
100.000000
100.000000
100.000000
100.000000
100.000000
100.000000
46.000000
100.000000
100.000000
70.000000
100.000000
100.000000
37.000000
100.000000
100.000000
65.000000
66.000000
89.000000
100.000000
100.000000
94.000000
65.000000
100.000000
37.000000
65.000000
100.000000
100.000000
37.000000
100.000000
100.000000
100.000000
100.000000
100.000000
63.000000
46.000000
62.000000
36.000000
36.000000
36.000000
36.000000
36.000000
60.000000
61.000000
35.000000
36.000000
35.000000
36.000000
62.000000
61.000000
36.000000
100.000000
61.000000
88.000000
62.000000
61.000000
100.000000
61.000000
36.000000
36.000000
36.000000
100.000000
100.000000
100.000000
100.000000
35.000000
87.000000
36.000000
36.000000
36.000000
35.000000
35.000000
100.000000
34.000000
61.000000
34.000000
34.000000
100.000000
100.000000
100.000000
87.000000
35.000000
61.000000
34.000000
61.000000
34.000000
34.000000
34.000000
34.000000
34.000000
34.000000
58.000000
34.000000
34.000000
34.000000
34.000000
60.000000
34.000000
34.000000
34.000000
34.000000
34.000000
34.000000
60.000000
36.000000
36.000000
36.000000
34.000000
34.000000
34.000000
87.000000
34.000000
61.000000
34.000000
34.000000
35.000000
34.000000
35.000000
62.000000
61.000000
35.000000
61.000000
35.000000
35.000000
35.000000
84.000000
34.000000
35.000000
34.000000
100.000000
34.000000
100.000000
34.000000
61.000000
34.000000
34.000000
34.000000
34.000000
34.000000
61.000000
34.000000
34.000000
34.000000
61.000000
34.000000
60.000000
34.000000
35.000000
34.000000
60.000000
61.000000
35.000000
34.000000
87.000000
34.000000
34.000000
84.000000
85.000000
59.000000
100.000000
34.000000
100.000000
100.000000
86.000000
100.000000
34.000000
84.000000
34.000000
34.000000
34.000000
34.000000
88.000000
87.000000
61.000000
34.000000
34.000000
34.000000
34.000000
34.000000
34.000000
61.000000
34.000000
34.000000
34.000000
34.000000
34.000000
34.000000
34.000000
34.000000
34.000000
87.000000
34.000000
34.000000
34.000000
60.000000
60.000000
35.000000
87.000000
34.000000
100.000000
34.000000
34.000000
34.000000
60.000000
100.000000
100.000000
85.000000
100.000000
100.000000
86.000000
100.000000
100.000000
100.000000
100.000000
34.000000
100.000000
100.000000
100.000000
100.000000
61.000000
100.000000
86.000000
60.000000
86.000000
100.000000
100.000000
100.000000
34.000000
34.000000
34.000000
34.000000
34.000000
34.000000
35.000000
34.000000
34.000000
35.000000
100.000000
60.000000
35.000000
62.000000
35.000000
35.000000
35.000000
61.000000
35.000000
85.000000
35.000000
34.000000
100.000000
34.000000
34.000000
86.000000
34.000000
61.000000
