26.000000
22.000000
27.000000
27.000000
27.000000
66.000000
22.000000
38.000000
27.000000
53.000000
27.000000
22.000000
22.000000
24.000000
22.000000
22.000000
22.000000
22.000000
22.000000
22.000000
22.000000
45.000000
22.000000
22.000000
22.000000
22.000000
22.000000
22.000000
22.000000
22.000000
22.000000
22.000000
22.000000
22.000000
22.000000
42.000000
22.000000
22.000000
22.000000
22.000000
22.000000
22.000000
42.000000
22.000000
22.000000
22.000000
22.000000
22.000000
22.000000
22.000000
22.000000
22.000000
22.000000
22.000000
22.000000
22.000000
22.000000
22.000000
22.000000
22.000000
22.000000
22.000000
22.000000
22.000000
22.000000
22.000000
22.000000
22.000000
22.000000
22.000000
22.000000
22.000000
22.000000
22.000000
22.000000
22.000000
22.000000
22.000000
22.000000
22.000000
22.000000
22.000000
22.000000
22.000000
22.000000
22.000000
22.000000
22.000000
22.000000
22.000000
22.000000
22.000000
22.000000
22.000000
22.000000
22.000000
22.000000
22.000000
22.000000
22.000000
22.000000
22.000000
22.000000
22.000000
22.000000
22.000000
22.000000
22.000000
22.000000
22.000000
22.000000
22.000000
22.000000
22.000000
22.000000
22.000000
22.000000
22.000000
22.000000
22.000000
22.000000
22.000000
22.000000
22.000000
22.000000
22.000000
22.000000
22.000000
22.000000
22.000000
22.000000
22.000000
22.000000
22.000000
22.000000
22.000000
22.000000
22.000000
22.000000
22.000000
22.000000
22.000000
22.000000
22.000000
22.000000
22.000000
22.000000
22.000000
22.000000
22.000000
22.000000
22.000000
22.000000
22.000000
22.000000
22.000000
22.000000
22.000000
22.000000
22.000000
22.000000
22.000000
22.000000
22.000000
22.000000
22.000000
22.000000
22.000000
22.000000
22.000000
22.000000
22.000000
42.000000
22.000000
22.000000
22.000000
22.000000
22.000000
42.000000
48.000000
22.000000
22.000000
22.000000
22.000000
27.000000
22.000000
22.000000
22.000000
22.000000
27.000000
22.000000
22.000000
22.000000
22.000000
27.000000
22.000000
27.000000
27.000000
22.000000
22.000000
27.000000
22.000000
22.000000
27.000000
22.000000
22.000000
27.000000
22.000000
22.000000
46.000000
22.000000
27.000000
22.000000
22.000000
22.000000
22.000000
27.000000
22.000000
22.000000
22.000000
46.000000
22.000000
22.000000
22.000000
22.000000
61.000000
22.000000
22.000000
22.000000
22.000000
22.000000
22.000000
22.000000
22.000000
22.000000
22.000000
60.000000
22.000000
22.000000
22.000000
22.000000
22.000000
44.000000
100.000000
82.000000
81.000000
60.000000
61.000000
82.000000
82.000000
82.000000
82.000000
80.000000
81.000000
82.000000
81.000000
84.000000
41.000000
22.000000
41.000000
100.000000
22.000000
22.000000
100.000000
100.000000
84.000000
100.000000
100.000000
100.000000
100.000000
100.000000
100.000000
100.000000
83.000000
100.000000
100.000000
100.000000
83.000000
100.000000
99.000000
100.000000
100.000000
27.000000
100.000000
100.000000
100.000000
100.000000
27.000000
100.000000
100.000000
27.000000
99.000000
99.000000
100.000000
99.000000
100.000000
100.000000
100.000000
100.000000
100.000000
