28.000000
43.000000
53.000000
27.000000
34.000000
27.000000
51.000000
51.000000
27.000000
52.000000
42.000000
27.000000
27.000000
27.000000
27.000000
41.000000
27.000000
27.000000
40.000000
27.000000
27.000000
27.000000
27.000000
27.000000
27.000000
27.000000
27.000000
27.000000
27.000000
27.000000
41.000000
27.000000
41.000000
41.000000
27.000000
43.000000
27.000000
41.000000
41.000000
41.000000
27.000000
27.000000
27.000000
27.000000
27.000000
100.000000
87.000000
27.000000
100.000000
100.000000
100.000000
99.000000
100.000000
100.000000
29.000000
100.000000
100.000000
99.000000
100.000000
100.000000
100.000000
100.000000
60.000000
100.000000
100.000000
100.000000
100.000000
100.000000
100.000000
74.000000
100.000000
100.000000
79.000000
79.000000
100.000000
100.000000
93.000000
100.000000
82.000000
100.000000
100.000000
100.000000
100.000000
100.000000
37.000000
100.000000
100.000000
100.000000
100.000000
100.000000
99.000000
100.000000
100.000000
100.000000
100.000000
100.000000
100.000000
100.000000
100.000000
100.000000
100.000000
100.000000
100.000000
100.000000
100.000000
100.000000
80.000000
100.000000
100.000000
100.000000
100.000000
100.000000
100.000000
100.000000
100.000000
100.000000
100.000000
100.000000
100.000000
100.000000
100.000000
100.000000
100.000000
100.000000
100.000000
100.000000
100.000000
100.000000
100.000000
100.000000
98.000000
100.000000
100.000000
68.000000
100.000000
100.000000
100.000000
100.000000
100.000000
100.000000
98.000000
100.000000
100.000000
100.000000
100.000000
100.000000
51.000000
99.000000
100.000000
100.000000
99.000000
100.000000
100.000000
100.000000
99.000000
100.000000
100.000000
100.000000
99.000000
100.000000
100.000000
100.000000
100.000000
100.000000
100.000000
100.000000
100.000000
100.000000
100.000000
100.000000
100.000000
100.000000
100.000000
100.000000
100.000000
100.000000
79.000000
99.000000
100.000000
100.000000
100.000000
100.000000
100.000000
100.000000
100.000000
100.000000
100.000000
100.000000
100.000000
100.000000
100.000000
100.000000
60.000000
100.000000
100.000000
100.000000
100.000000
100.000000
100.000000
100.000000
100.000000
100.000000
100.000000
100.000000
100.000000
100.000000
100.000000
100.000000
100.000000
100.000000
100.000000
100.000000
100.000000
100.000000
100.000000
100.000000
100.000000
100.000000
100.000000
100.000000
100.000000
75.000000
100.000000
100.000000
99.000000
100.000000
99.000000
100.000000
100.000000
100.000000
100.000000
74.000000
100.000000
100.000000
100.000000
100.000000
100.000000
100.000000
100.000000
100.000000
100.000000
100.000000
100.000000
100.000000
100.000000
100.000000
100.000000
100.000000
100.000000
100.000000
100.000000
100.000000
100.000000
100.000000
100.000000
100.000000
100.000000
100.000000
100.000000
100.000000
100.000000
100.000000
100.000000
100.000000
100.000000
100.000000
100.000000
100.000000
100.000000
100.000000
100.000000
100.000000
100.000000
100.000000
100.000000
100.000000
100.000000
100.000000
100.000000
100.000000
100.000000
100.000000
100.000000
100.000000
100.000000
100.000000
100.000000
