33.000000
30.000000
27.000000
24.000000
29.000000
27.000000
26.000000
22.000000
22.000000
22.000000
22.000000
27.000000
22.000000
22.000000
22.000000
22.000000
22.000000
22.000000
22.000000
25.000000
34.000000
27.000000
22.000000
27.000000
22.000000
22.000000
22.000000
25.000000
22.000000
22.000000
25.000000
25.000000
25.000000
25.000000
25.000000
25.000000
25.000000
25.000000
25.000000
25.000000
25.000000
25.000000
25.000000
25.000000
25.000000
25.000000
25.000000
25.000000
25.000000
25.000000
25.000000
25.000000
25.000000
25.000000
22.000000
27.000000
25.000000
27.000000
25.000000
25.000000
25.000000
25.000000
25.000000
27.000000
25.000000
25.000000
41.000000
25.000000
27.000000
27.000000
27.000000
27.000000
27.000000
41.000000
25.000000
27.000000
25.000000
25.000000
25.000000
25.000000
25.000000
41.000000
25.000000
25.000000
41.000000
41.000000
44.000000
25.000000
27.000000
44.000000
27.000000
44.000000
44.000000
27.000000
44.000000
44.000000
27.000000
27.000000
44.000000
41.000000
44.000000
41.000000
44.000000
44.000000
44.000000
39.000000
27.000000
27.000000
44.000000
44.000000
27.000000
27.000000
27.000000
52.000000
27.000000
27.000000
41.000000
44.000000
44.000000
27.000000
44.000000
44.000000
41.000000
44.000000
27.000000
44.000000
27.000000
44.000000
44.000000
44.000000
44.000000
44.000000
27.000000
27.000000
41.000000
44.000000
44.000000
44.000000
27.000000
41.000000
44.000000
41.000000
44.000000
44.000000
27.000000
44.000000
27.000000
27.000000
44.000000
44.000000
44.000000
27.000000
44.000000
22.000000
44.000000
27.000000
27.000000
44.000000
44.000000
27.000000
44.000000
44.000000
44.000000
27.000000
41.000000
44.000000
44.000000
27.000000
44.000000
44.000000
44.000000
44.000000
44.000000
41.000000
44.000000
44.000000
44.000000
44.000000
44.000000
44.000000
44.000000
27.000000
22.000000
44.000000
44.000000
44.000000
44.000000
44.000000
22.000000
44.000000
44.000000
27.000000
44.000000
44.000000
27.000000
44.000000
41.000000
44.000000
41.000000
44.000000
44.000000
44.000000
44.000000
41.000000
27.000000
44.000000
44.000000
44.000000
44.000000
27.000000
44.000000
27.000000
41.000000
44.000000
44.000000
44.000000
44.000000
27.000000
44.000000
27.000000
27.000000
44.000000
44.000000
44.000000
41.000000
44.000000
22.000000
44.000000
44.000000
44.000000
44.000000
44.000000
44.000000
44.000000
44.000000
44.000000
44.000000
27.000000
44.000000
44.000000
41.000000
44.000000
44.000000
41.000000
41.000000
44.000000
44.000000
44.000000
41.000000
41.000000
44.000000
44.000000
41.000000
41.000000
44.000000
44.000000
27.000000
41.000000
44.000000
41.000000
27.000000
44.000000
44.000000
44.000000
22.000000
44.000000
44.000000
27.000000
44.000000
44.000000
22.000000
44.000000
22.000000
22.000000
44.000000
44.000000
27.000000
44.000000
44.000000
44.000000
44.000000
44.000000
44.000000
44.000000
44.000000
27.000000
44.000000
41.000000
44.000000
27.000000
44.000000
27.000000
44.000000
44.000000
41.000000
44.000000
44.000000
44.000000
44.000000
44.000000
