51.000000
40.000000
27.000000
25.000000
22.000000
29.000000
100.000000
22.000000
100.000000
100.000000
77.000000
24.000000
24.000000
45.000000
24.000000
24.000000
24.000000
61.000000
68.000000
100.000000
89.000000
100.000000
100.000000
88.000000
90.000000
68.000000
68.000000
100.000000
100.000000
100.000000
100.000000
100.000000
100.000000
34.000000
100.000000
100.000000
100.000000
100.000000
100.000000
67.000000
100.000000
100.000000
100.000000
100.000000
100.000000
100.000000
100.000000
100.000000
100.000000
100.000000
24.000000
100.000000
100.000000
100.000000
100.000000
100.000000
100.000000
100.000000
68.000000
100.000000
88.000000
100.000000
100.000000
100.000000
100.000000
100.000000
100.000000
100.000000
100.000000
100.000000
100.000000
47.000000
47.000000
100.000000
100.000000
100.000000
100.000000
100.000000
100.000000
100.000000
100.000000
100.000000
100.000000
100.000000
69.000000
47.000000
87.000000
100.000000
100.000000
67.000000
100.000000
68.000000
100.000000
100.000000
100.000000
100.000000
100.000000
67.000000
100.000000
90.000000
100.000000
100.000000
100.000000
100.000000
100.000000
100.000000
100.000000
100.000000
100.000000
100.000000
100.000000
100.000000
66.000000
100.000000
88.000000
100.000000
100.000000
100.000000
100.000000
68.000000
47.000000
100.000000
100.000000
100.000000
68.000000
100.000000
100.000000
100.000000
100.000000
67.000000
100.000000
89.000000
100.000000
100.000000
100.000000
47.000000
100.000000
100.000000
100.000000
100.000000
100.000000
47.000000
100.000000
100.000000
47.000000
100.000000
67.000000
100.000000
100.000000
100.000000
100.000000
100.000000
100.000000
47.000000
100.000000
100.000000
100.000000
47.000000
100.000000
100.000000
100.000000
100.000000
100.000000
100.000000
100.000000
100.000000
100.000000
100.000000
100.000000
100.000000
100.000000
100.000000
100.000000
100.000000
89.000000
100.000000
100.000000
100.000000
100.000000
100.000000
100.000000
100.000000
100.000000
100.000000
100.000000
100.000000
24.000000
100.000000
100.000000
100.000000
100.000000
100.000000
100.000000
100.000000
100.000000
100.000000
100.000000
100.000000
100.000000
100.000000
24.000000
100.000000
100.000000
100.000000
100.000000
100.000000
88.000000
100.000000
100.000000
100.000000
100.000000
100.000000
24.000000
100.000000
100.000000
24.000000
100.000000
100.000000
100.000000
100.000000
100.000000
100.000000
100.000000
100.000000
100.000000
