44.000000
24.000000
31.000000
31.000000
33.000000
27.000000
42.000000
35.000000
45.000000
45.000000
42.000000
45.000000
43.000000
23.000000
46.000000
23.000000
46.000000
45.000000
46.000000
23.000000
42.000000
46.000000
46.000000
46.000000
42.000000
45.000000
46.000000
23.000000
46.000000
41.000000
23.000000
46.000000
23.000000
46.000000
23.000000
46.000000
24.000000
46.000000
23.000000
23.000000
23.000000
23.000000
42.000000
23.000000
42.000000
46.000000
23.000000
46.000000
42.000000
23.000000
23.000000
23.000000
43.000000
23.000000
40.000000
23.000000
43.000000
47.000000
24.000000
24.000000
24.000000
24.000000
23.000000
43.000000
23.000000
23.000000
43.000000
43.000000
43.000000
43.000000
23.000000
23.000000
23.000000
43.000000
23.000000
23.000000
23.000000
24.000000
23.000000
23.000000
23.000000
43.000000
24.000000
43.000000
23.000000
24.000000
24.000000
23.000000
23.000000
24.000000
43.000000
24.000000
43.000000
43.000000
43.000000
43.000000
43.000000
43.000000
24.000000
43.000000
43.000000
24.000000
43.000000
43.000000
43.000000
43.000000
43.000000
24.000000
24.000000
24.000000
42.000000
42.000000
43.000000
47.000000
42.000000
43.000000
42.000000
43.000000
42.000000
42.000000
43.000000
42.000000
43.000000
43.000000
42.000000
43.000000
43.000000
42.000000
43.000000
42.000000
42.000000
42.000000
42.000000
42.000000
42.000000
42.000000
43.000000
43.000000
42.000000
42.000000
42.000000
42.000000
42.000000
43.000000
43.000000
43.000000
43.000000
41.000000
41.000000
43.000000
42.000000
42.000000
42.000000
43.000000
43.000000
43.000000
43.000000
43.000000
42.000000
43.000000
41.000000
43.000000
42.000000
43.000000
42.000000
43.000000
41.000000
42.000000
42.000000
43.000000
43.000000
43.000000
42.000000
42.000000
42.000000
42.000000
42.000000
42.000000
42.000000
42.000000
41.000000
43.000000
42.000000
43.000000
41.000000
42.000000
42.000000
42.000000
42.000000
42.000000
43.000000
42.000000
42.000000
43.000000
42.000000
42.000000
42.000000
42.000000
42.000000
42.000000
42.000000
42.000000
43.000000
42.000000
43.000000
42.000000
42.000000
42.000000
42.000000
42.000000
42.000000
42.000000
42.000000
42.000000
42.000000
42.000000
42.000000
42.000000
43.000000
42.000000
42.000000
42.000000
42.000000
42.000000
42.000000
42.000000
42.000000
42.000000
42.000000
42.000000
42.000000
42.000000
42.000000
42.000000
42.000000
43.000000
42.000000
42.000000
42.000000
42.000000
42.000000
43.000000
42.000000
42.000000
42.000000
42.000000
42.000000
43.000000
42.000000
43.000000
43.000000
42.000000
43.000000
42.000000
42.000000
43.000000
42.000000
42.000000
42.000000
42.000000
43.000000
42.000000
42.000000
43.000000
43.000000
42.000000
42.000000
43.000000
42.000000
43.000000
43.000000
43.000000
43.000000
43.000000
43.000000
43.000000
42.000000
42.000000
43.000000
42.000000
42.000000
42.000000
43.000000
43.000000
43.000000
43.000000
42.000000
42.000000
42.000000
43.000000
43.000000
42.000000
43.000000
43.000000
42.000000
43.000000
43.000000
43.000000
42.000000
42.000000
