85.000000
38.000000
33.000000
40.000000
100.000000
24.000000
100.000000
24.000000
24.000000
24.000000
24.000000
66.000000
100.000000
66.000000
24.000000
87.000000
26.000000
100.000000
24.000000
100.000000
88.000000
100.000000
46.000000
100.000000
100.000000
100.000000
67.000000
100.000000
100.000000
47.000000
100.000000
47.000000
67.000000
47.000000
100.000000
100.000000
46.000000
24.000000
100.000000
24.000000
68.000000
90.000000
100.000000
87.000000
100.000000
68.000000
100.000000
100.000000
100.000000
100.000000
67.000000
100.000000
67.000000
100.000000
100.000000
100.000000
24.000000
100.000000
86.000000
89.000000
100.000000
100.000000
100.000000
100.000000
100.000000
100.000000
24.000000
100.000000
100.000000
100.000000
100.000000
24.000000
100.000000
88.000000
100.000000
24.000000
100.000000
24.000000
100.000000
24.000000
100.000000
24.000000
100.000000
100.000000
100.000000
100.000000
100.000000
100.000000
100.000000
100.000000
100.000000
100.000000
100.000000
100.000000
100.000000
100.000000
100.000000
100.000000
100.000000
100.000000
100.000000
100.000000
100.000000
100.000000
100.000000
100.000000
100.000000
100.000000
100.000000
100.000000
100.000000
100.000000
66.000000
100.000000
100.000000
24.000000
100.000000
100.000000
100.000000
100.000000
100.000000
100.000000
100.000000
24.000000
67.000000
100.000000
100.000000
100.000000
100.000000
100.000000
100.000000
100.000000
100.000000
66.000000
100.000000
100.000000
100.000000
24.000000
100.000000
100.000000
100.000000
100.000000
100.000000
100.000000
100.000000
100.000000
100.000000
100.000000
100.000000
100.000000
100.000000
100.000000
100.000000
100.000000
100.000000
100.000000
100.000000
100.000000
100.000000
100.000000
100.000000
100.000000
100.000000
100.000000
100.000000
100.000000
100.000000
100.000000
100.000000
100.000000
100.000000
100.000000
100.000000
100.000000
100.000000
100.000000
100.000000
100.000000
100.000000
100.000000
100.000000
100.000000
100.000000
100.000000
100.000000
100.000000
100.000000
100.000000
100.000000
100.000000
24.000000
100.000000
100.000000
100.000000
100.000000
100.000000
100.000000
100.000000
100.000000
87.000000
100.000000
100.000000
100.000000
100.000000
100.000000
100.000000
100.000000
100.000000
100.000000
100.000000
100.000000
100.000000
100.000000
100.000000
24.000000
100.000000
100.000000
100.000000
100.000000
100.000000
100.000000
86.000000
100.000000
100.000000
100.000000
100.000000
100.000000
100.000000
100.000000
100.000000
100.000000
100.000000
100.000000
70.000000
100.000000
88.000000
