100.000000
100.000000
39.000000
100.000000
82.000000
27.000000
27.000000
40.000000
27.000000
43.000000
27.000000
27.000000
53.000000
27.000000
27.000000
27.000000
27.000000
43.000000
27.000000
27.000000
27.000000
27.000000
27.000000
27.000000
27.000000
27.000000
27.000000
27.000000
27.000000
27.000000
27.000000
27.000000
27.000000
27.000000
27.000000
27.000000
27.000000
27.000000
27.000000
27.000000
27.000000
27.000000
27.000000
27.000000
27.000000
27.000000
27.000000
27.000000
27.000000
27.000000
27.000000
27.000000
27.000000
27.000000
27.000000
27.000000
27.000000
27.000000
27.000000
27.000000
27.000000
27.000000
27.000000
27.000000
27.000000
27.000000
27.000000
27.000000
27.000000
27.000000
27.000000
27.000000
27.000000
27.000000
27.000000
27.000000
27.000000
27.000000
27.000000
27.000000
27.000000
27.000000
27.000000
27.000000
27.000000
27.000000
27.000000
27.000000
27.000000
27.000000
28.000000
27.000000
27.000000
27.000000
27.000000
27.000000
27.000000
27.000000
27.000000
27.000000
27.000000
27.000000
27.000000
27.000000
27.000000
27.000000
27.000000
27.000000
27.000000
27.000000
27.000000
27.000000
27.000000
27.000000
27.000000
27.000000
27.000000
27.000000
27.000000
27.000000
27.000000
27.000000
27.000000
27.000000
27.000000
27.000000
27.000000
27.000000
27.000000
27.000000
27.000000
27.000000
27.000000
27.000000
27.000000
27.000000
27.000000
27.000000
27.000000
27.000000
27.000000
27.000000
27.000000
27.000000
27.000000
27.000000
27.000000
27.000000
27.000000
27.000000
27.000000
27.000000
27.000000
27.000000
27.000000
27.000000
27.000000
27.000000
27.000000
27.000000
27.000000
27.000000
27.000000
27.000000
27.000000
27.000000
27.000000
27.000000
27.000000
27.000000
27.000000
27.000000
27.000000
27.000000
27.000000
27.000000
27.000000
27.000000
27.000000
27.000000
27.000000
27.000000
27.000000
27.000000
27.000000
27.000000
27.000000
27.000000
27.000000
27.000000
27.000000
27.000000
27.000000
27.000000
27.000000
27.000000
27.000000
27.000000
27.000000
27.000000
27.000000
27.000000
27.000000
27.000000
27.000000
27.000000
27.000000
27.000000
27.000000
27.000000
27.000000
27.000000
27.000000
27.000000
27.000000
27.000000
27.000000
27.000000
27.000000
27.000000
27.000000
27.000000
27.000000
27.000000
27.000000
27.000000
27.000000
27.000000
27.000000
27.000000
27.000000
27.000000
27.000000
27.000000
27.000000
27.000000
27.000000
27.000000
27.000000
27.000000
27.000000
27.000000
27.000000
27.000000
27.000000
27.000000
27.000000
27.000000
27.000000
27.000000
27.000000
27.000000
27.000000
27.000000
27.000000
27.000000
27.000000
27.000000
27.000000
27.000000
27.000000
27.000000
27.000000
27.000000
27.000000
27.000000
27.000000
27.000000
27.000000
27.000000
27.000000
27.000000
27.000000
27.000000
27.000000
27.000000
27.000000
27.000000
27.000000
27.000000
27.000000
27.000000
27.000000
27.000000
27.000000
27.000000
27.000000
27.000000
27.000000
27.000000
27.000000
27.000000
27.000000
27.000000
27.000000
27.000000
27.000000
27.000000
27.000000
27.000000
