29.000000
43.000000
22.000000
27.000000
28.000000
61.000000
22.000000
22.000000
41.000000
36.000000
37.000000
77.000000
40.000000
57.000000
35.000000
32.000000
32.000000
100.000000
57.000000
87.000000
36.000000
85.000000
36.000000
33.000000
33.000000
34.000000
34.000000
33.000000
61.000000
61.000000
100.000000
35.000000
61.000000
34.000000
62.000000
64.000000
37.000000
34.000000
36.000000
34.000000
61.000000
37.000000
100.000000
34.000000
34.000000
100.000000
67.000000
100.000000
36.000000
62.000000
34.000000
34.000000
39.000000
37.000000
38.000000
67.000000
66.000000
66.000000
100.000000
50.000000
100.000000
100.000000
100.000000
100.000000
100.000000
50.000000
100.000000
38.000000
100.000000
38.000000
100.000000
100.000000
37.000000
100.000000
100.000000
66.000000
100.000000
100.000000
100.000000
64.000000
100.000000
100.000000
100.000000
100.000000
100.000000
36.000000
100.000000
100.000000
37.000000
93.000000
37.000000
63.000000
94.000000
36.000000
100.000000
47.000000
60.000000
100.000000
75.000000
47.000000
93.000000
37.000000
91.000000
66.000000
37.000000
100.000000
100.000000
100.000000
72.000000
100.000000
65.000000
35.000000
63.000000
100.000000
100.000000
64.000000
37.000000
100.000000
90.000000
100.000000
100.000000
100.000000
93.000000
74.000000
65.000000
65.000000
37.000000
36.000000
92.000000
37.000000
65.000000
100.000000
65.000000
63.000000
37.000000
35.000000
64.000000
64.000000
36.000000
64.000000
64.000000
46.000000
62.000000
36.000000
36.000000
100.000000
100.000000
100.000000
100.000000
91.000000
92.000000
63.000000
64.000000
36.000000
63.000000
64.000000
36.000000
64.000000
100.000000
63.000000
36.000000
35.000000
62.000000
36.000000
63.000000
63.000000
35.000000
63.000000
35.000000
36.000000
36.000000
36.000000
36.000000
36.000000
35.000000
90.000000
91.000000
35.000000
35.000000
100.000000
36.000000
35.000000
36.000000
36.000000
36.000000
90.000000
90.000000
64.000000
34.000000
35.000000
61.000000
62.000000
36.000000
89.000000
35.000000
63.000000
60.000000
36.000000
36.000000
36.000000
36.000000
36.000000
34.000000
36.000000
36.000000
64.000000
36.000000
36.000000
62.000000
100.000000
63.000000
91.000000
89.000000
35.000000
62.000000
90.000000
36.000000
36.000000
35.000000
100.000000
36.000000
36.000000
36.000000
36.000000
100.000000
36.000000
90.000000
62.000000
36.000000
63.000000
62.000000
90.000000
36.000000
36.000000
36.000000
63.000000
36.000000
36.000000
36.000000
89.000000
100.000000
63.000000
62.000000
100.000000
36.000000
90.000000
36.000000
36.000000
100.000000
100.000000
63.000000
90.000000
88.000000
90.000000
36.000000
36.000000
61.000000
62.000000
61.000000
100.000000
36.000000
36.000000
36.000000
36.000000
35.000000
36.000000
36.000000
35.000000
36.000000
89.000000
36.000000
36.000000
36.000000
62.000000
62.000000
63.000000
61.000000
36.000000
36.000000
35.000000
36.000000
36.000000
34.000000
35.000000
35.000000
35.000000
36.000000
36.000000
62.000000
62.000000
36.000000
36.000000
36.000000
35.000000
35.000000
36.000000
36.000000
36.000000
35.000000
35.000000
