22.000000
24.000000
25.000000
31.000000
27.000000
35.000000
24.000000
24.000000
22.000000
24.000000
24.000000
24.000000
22.000000
24.000000
36.000000
24.000000
47.000000
33.000000
22.000000
22.000000
22.000000
22.000000
22.000000
22.000000
27.000000
22.000000
22.000000
22.000000
27.000000
22.000000
22.000000
22.000000
22.000000
27.000000
22.000000
22.000000
22.000000
22.000000
27.000000
22.000000
27.000000
22.000000
22.000000
27.000000
22.000000
22.000000
22.000000
22.000000
22.000000
22.000000
22.000000
22.000000
22.000000
22.000000
22.000000
27.000000
27.000000
22.000000
22.000000
22.000000
22.000000
22.000000
22.000000
22.000000
22.000000
22.000000
22.000000
22.000000
22.000000
27.000000
22.000000
22.000000
22.000000
27.000000
27.000000
27.000000
27.000000
27.000000
27.000000
94.000000
42.000000
100.000000
27.000000
100.000000
100.000000
100.000000
100.000000
27.000000
73.000000
27.000000
27.000000
100.000000
100.000000
100.000000
100.000000
27.000000
100.000000
100.000000
95.000000
27.000000
27.000000
100.000000
27.000000
100.000000
97.000000
100.000000
27.000000
100.000000
100.000000
100.000000
100.000000
100.000000
100.000000
100.000000
94.000000
100.000000
100.000000
100.000000
100.000000
100.000000
100.000000
27.000000
100.000000
100.000000
100.000000
98.000000
95.000000
27.000000
100.000000
100.000000
100.000000
100.000000
100.000000
100.000000
27.000000
27.000000
100.000000
100.000000
95.000000
100.000000
100.000000
100.000000
100.000000
100.000000
100.000000
100.000000
100.000000
100.000000
100.000000
100.000000
100.000000
100.000000
100.000000
100.000000
27.000000
100.000000
100.000000
94.000000
100.000000
27.000000
100.000000
100.000000
100.000000
100.000000
100.000000
27.000000
100.000000
100.000000
27.000000
100.000000
100.000000
100.000000
100.000000
100.000000
100.000000
100.000000
100.000000
27.000000
27.000000
100.000000
27.000000
100.000000
100.000000
27.000000
100.000000
100.000000
100.000000
100.000000
100.000000
100.000000
100.000000
100.000000
100.000000
100.000000
100.000000
100.000000
100.000000
100.000000
100.000000
100.000000
100.000000
100.000000
27.000000
27.000000
100.000000
100.000000
27.000000
100.000000
100.000000
100.000000
100.000000
27.000000
100.000000
27.000000
100.000000
100.000000
100.000000
100.000000
27.000000
100.000000
27.000000
27.000000
100.000000
100.000000
100.000000
27.000000
100.000000
100.000000
100.000000
100.000000
100.000000
100.000000
100.000000
100.000000
100.000000
100.000000
100.000000
100.000000
100.000000
100.000000
100.000000
100.000000
100.000000
27.000000
100.000000
100.000000
100.000000
100.000000
100.000000
76.000000
95.000000
100.000000
100.000000
100.000000
100.000000
100.000000
27.000000
100.000000
100.000000
27.000000
100.000000
100.000000
100.000000
27.000000
100.000000
27.000000
100.000000
27.000000
100.000000
27.000000
100.000000
100.000000
27.000000
100.000000
100.000000
27.000000
100.000000
99.000000
27.000000
100.000000
100.000000
100.000000
100.000000
100.000000
99.000000
100.000000
100.000000
27.000000
100.000000
100.000000
27.000000
100.000000
100.000000
73.000000
100.000000
27.000000
100.000000
100.000000
100.000000
100.000000
