22.000000
24.000000
38.000000
26.000000
22.000000
26.000000
29.000000
22.000000
24.000000
44.000000
24.000000
24.000000
24.000000
48.000000
38.000000
22.000000
24.000000
22.000000
22.000000
22.000000
24.000000
60.000000
62.000000
46.000000
22.000000
42.000000
22.000000
22.000000
22.000000
22.000000
22.000000
22.000000
22.000000
22.000000
22.000000
27.000000
42.000000
27.000000
100.000000
100.000000
27.000000
100.000000
24.000000
100.000000
100.000000
27.000000
27.000000
27.000000
27.000000
27.000000
27.000000
27.000000
27.000000
24.000000
24.000000
27.000000
27.000000
24.000000
100.000000
24.000000
24.000000
100.000000
24.000000
100.000000
100.000000
27.000000
24.000000
24.000000
24.000000
100.000000
100.000000
27.000000
27.000000
100.000000
100.000000
100.000000
27.000000
100.000000
100.000000
100.000000
100.000000
100.000000
100.000000
100.000000
100.000000
27.000000
100.000000
27.000000
94.000000
100.000000
27.000000
100.000000
27.000000
100.000000
100.000000
27.000000
27.000000
27.000000
100.000000
27.000000
100.000000
27.000000
100.000000
100.000000
100.000000
100.000000
100.000000
27.000000
100.000000
100.000000
100.000000
27.000000
100.000000
100.000000
27.000000
100.000000
95.000000
100.000000
100.000000
100.000000
100.000000
27.000000
100.000000
97.000000
100.000000
100.000000
100.000000
100.000000
27.000000
100.000000
27.000000
100.000000
100.000000
27.000000
100.000000
100.000000
27.000000
27.000000
100.000000
100.000000
100.000000
100.000000
27.000000
27.000000
100.000000
100.000000
100.000000
27.000000
27.000000
27.000000
27.000000
27.000000
27.000000
100.000000
100.000000
100.000000
100.000000
100.000000
100.000000
100.000000
27.000000
100.000000
27.000000
27.000000
27.000000
27.000000
100.000000
100.000000
100.000000
100.000000
100.000000
27.000000
100.000000
27.000000
100.000000
27.000000
100.000000
100.000000
27.000000
27.000000
27.000000
27.000000
27.000000
100.000000
100.000000
27.000000
100.000000
27.000000
100.000000
100.000000
100.000000
100.000000
27.000000
100.000000
100.000000
27.000000
27.000000
98.000000
27.000000
27.000000
27.000000
27.000000
27.000000
100.000000
100.000000
27.000000
100.000000
100.000000
100.000000
27.000000
27.000000
100.000000
27.000000
27.000000
100.000000
27.000000
100.000000
27.000000
100.000000
100.000000
100.000000
27.000000
27.000000
100.000000
27.000000
100.000000
27.000000
100.000000
27.000000
100.000000
27.000000
100.000000
100.000000
100.000000
27.000000
100.000000
100.000000
100.000000
100.000000
100.000000
100.000000
100.000000
27.000000
27.000000
100.000000
27.000000
27.000000
27.000000
100.000000
27.000000
100.000000
27.000000
100.000000
27.000000
100.000000
100.000000
27.000000
27.000000
27.000000
27.000000
27.000000
27.000000
100.000000
27.000000
27.000000
100.000000
27.000000
27.000000
100.000000
100.000000
27.000000
27.000000
100.000000
27.000000
100.000000
100.000000
100.000000
100.000000
100.000000
27.000000
97.000000
100.000000
27.000000
100.000000
27.000000
100.000000
100.000000
100.000000
27.000000
100.000000
27.000000
100.000000
100.000000
100.000000
27.000000
100.000000
100.000000
100.000000
100.000000
100.000000
