25.000000
32.000000
22.000000
27.000000
25.000000
33.000000
33.000000
24.000000
25.000000
38.000000
22.000000
22.000000
22.000000
41.000000
22.000000
22.000000
22.000000
27.000000
22.000000
27.000000
22.000000
22.000000
22.000000
22.000000
41.000000
22.000000
22.000000
27.000000
25.000000
22.000000
44.000000
25.000000
27.000000
25.000000
25.000000
22.000000
42.000000
25.000000
42.000000
25.000000
27.000000
25.000000
22.000000
25.000000
25.000000
25.000000
25.000000
25.000000
25.000000
22.000000
25.000000
25.000000
25.000000
42.000000
25.000000
22.000000
25.000000
25.000000
27.000000
25.000000
25.000000
25.000000
25.000000
41.000000
25.000000
25.000000
34.000000
40.000000
27.000000
44.000000
25.000000
44.000000
44.000000
41.000000
22.000000
44.000000
22.000000
22.000000
22.000000
44.000000
22.000000
27.000000
44.000000
44.000000
44.000000
44.000000
22.000000
22.000000
27.000000
27.000000
44.000000
44.000000
44.000000
27.000000
27.000000
27.000000
44.000000
27.000000
27.000000
27.000000
44.000000
44.000000
52.000000
44.000000
27.000000
27.000000
27.000000
44.000000
44.000000
44.000000
44.000000
44.000000
44.000000
41.000000
27.000000
44.000000
41.000000
44.000000
27.000000
44.000000
44.000000
41.000000
27.000000
44.000000
44.000000
44.000000
44.000000
44.000000
41.000000
27.000000
41.000000
44.000000
27.000000
44.000000
27.000000
44.000000
44.000000
44.000000
44.000000
27.000000
27.000000
41.000000
44.000000
41.000000
44.000000
41.000000
44.000000
41.000000
41.000000
27.000000
27.000000
44.000000
27.000000
44.000000
44.000000
27.000000
44.000000
44.000000
44.000000
44.000000
41.000000
44.000000
41.000000
27.000000
27.000000
41.000000
44.000000
44.000000
41.000000
44.000000
44.000000
44.000000
41.000000
41.000000
41.000000
27.000000
44.000000
44.000000
41.000000
44.000000
44.000000
44.000000
27.000000
41.000000
41.000000
44.000000
27.000000
27.000000
44.000000
27.000000
27.000000
27.000000
44.000000
44.000000
27.000000
44.000000
44.000000
44.000000
44.000000
44.000000
44.000000
44.000000
44.000000
44.000000
27.000000
27.000000
27.000000
27.000000
44.000000
44.000000
44.000000
27.000000
44.000000
27.000000
27.000000
44.000000
44.000000
44.000000
44.000000
44.000000
44.000000
27.000000
44.000000
44.000000
44.000000
27.000000
44.000000
44.000000
44.000000
44.000000
44.000000
44.000000
44.000000
27.000000
44.000000
27.000000
27.000000
44.000000
44.000000
44.000000
44.000000
44.000000
44.000000
44.000000
44.000000
44.000000
27.000000
44.000000
44.000000
27.000000
44.000000
44.000000
27.000000
44.000000
27.000000
44.000000
27.000000
44.000000
27.000000
27.000000
27.000000
44.000000
27.000000
44.000000
44.000000
27.000000
44.000000
27.000000
44.000000
27.000000
27.000000
44.000000
44.000000
44.000000
44.000000
44.000000
27.000000
27.000000
44.000000
44.000000
27.000000
44.000000
27.000000
27.000000
44.000000
27.000000
44.000000
44.000000
44.000000
44.000000
44.000000
27.000000
44.000000
44.000000
44.000000
44.000000
44.000000
44.000000
44.000000
44.000000
