84.000000
77.000000
45.000000
100.000000
53.000000
24.000000
65.000000
24.000000
100.000000
48.000000
86.000000
24.000000
24.000000
24.000000
100.000000
24.000000
100.000000
24.000000
100.000000
100.000000
45.000000
24.000000
24.000000
66.000000
100.000000
100.000000
24.000000
24.000000
45.000000
100.000000
100.000000
100.000000
100.000000
100.000000
100.000000
68.000000
67.000000
100.000000
68.000000
100.000000
67.000000
67.000000
100.000000
100.000000
100.000000
69.000000
91.000000
89.000000
24.000000
100.000000
24.000000
100.000000
67.000000
100.000000
100.000000
67.000000
100.000000
100.000000
100.000000
68.000000
100.000000
24.000000
100.000000
100.000000
68.000000
67.000000
100.000000
24.000000
100.000000
47.000000
68.000000
100.000000
100.000000
100.000000
88.000000
100.000000
100.000000
100.000000
24.000000
67.000000
68.000000
89.000000
24.000000
100.000000
100.000000
24.000000
100.000000
100.000000
100.000000
100.000000
100.000000
24.000000
67.000000
100.000000
100.000000
24.000000
100.000000
100.000000
24.000000
100.000000
87.000000
24.000000
100.000000
100.000000
100.000000
24.000000
100.000000
100.000000
100.000000
24.000000
24.000000
24.000000
24.000000
24.000000
100.000000
100.000000
100.000000
24.000000
24.000000
100.000000
100.000000
100.000000
100.000000
100.000000
100.000000
24.000000
100.000000
100.000000
100.000000
100.000000
100.000000
100.000000
100.000000
100.000000
100.000000
100.000000
100.000000
100.000000
100.000000
100.000000
100.000000
100.000000
100.000000
67.000000
100.000000
100.000000
100.000000
100.000000
88.000000
25.000000
100.000000
100.000000
100.000000
100.000000
25.000000
100.000000
100.000000
100.000000
100.000000
100.000000
100.000000
100.000000
100.000000
100.000000
100.000000
100.000000
100.000000
100.000000
100.000000
100.000000
100.000000
100.000000
100.000000
100.000000
100.000000
100.000000
100.000000
100.000000
100.000000
100.000000
100.000000
100.000000
100.000000
100.000000
100.000000
100.000000
100.000000
100.000000
100.000000
88.000000
25.000000
100.000000
100.000000
100.000000
100.000000
68.000000
100.000000
100.000000
100.000000
100.000000
100.000000
100.000000
100.000000
100.000000
100.000000
100.000000
100.000000
100.000000
24.000000
100.000000
100.000000
100.000000
100.000000
100.000000
100.000000
100.000000
100.000000
100.000000
100.000000
100.000000
