100.000000
100.000000
100.000000
93.000000
40.000000
22.000000
22.000000
100.000000
100.000000
100.000000
62.000000
46.000000
26.000000
96.000000
44.000000
22.000000
22.000000
22.000000
22.000000
22.000000
72.000000
22.000000
49.000000
22.000000
44.000000
26.000000
22.000000
22.000000
22.000000
22.000000
22.000000
22.000000
22.000000
22.000000
22.000000
44.000000
22.000000
22.000000
22.000000
22.000000
24.000000
40.000000
22.000000
22.000000
22.000000
22.000000
22.000000
88.000000
22.000000
59.000000
22.000000
22.000000
22.000000
22.000000
22.000000
22.000000
22.000000
22.000000
22.000000
22.000000
22.000000
22.000000
22.000000
100.000000
100.000000
100.000000
100.000000
100.000000
100.000000
100.000000
100.000000
98.000000
100.000000
100.000000
86.000000
77.000000
81.000000
100.000000
100.000000
79.000000
100.000000
40.000000
41.000000
54.000000
60.000000
59.000000
41.000000
100.000000
100.000000
100.000000
100.000000
100.000000
100.000000
100.000000
100.000000
100.000000
100.000000
100.000000
100.000000
100.000000
100.000000
100.000000
100.000000
100.000000
100.000000
100.000000
100.000000
100.000000
100.000000
100.000000
100.000000
100.000000
100.000000
100.000000
100.000000
100.000000
100.000000
100.000000
100.000000
100.000000
100.000000
100.000000
100.000000
100.000000
100.000000
100.000000
100.000000
100.000000
100.000000
100.000000
100.000000
100.000000
100.000000
100.000000
100.000000
100.000000
100.000000
100.000000
100.000000
100.000000
100.000000
100.000000
100.000000
100.000000
100.000000
100.000000
55.000000
100.000000
100.000000
100.000000
100.000000
100.000000
100.000000
100.000000
100.000000
22.000000
100.000000
100.000000
40.000000
90.000000
100.000000
100.000000
100.000000
72.000000
39.000000
100.000000
100.000000
79.000000
100.000000
100.000000
72.000000
100.000000
57.000000
40.000000
92.000000
40.000000
41.000000
40.000000
38.000000
100.000000
100.000000
100.000000
100.000000
100.000000
100.000000
100.000000
54.000000
92.000000
100.000000
40.000000
100.000000
40.000000
40.000000
40.000000
96.000000
100.000000
40.000000
52.000000
100.000000
100.000000
100.000000
100.000000
100.000000
100.000000
100.000000
56.000000
22.000000
100.000000
100.000000
100.000000
100.000000
87.000000
100.000000
100.000000
100.000000
100.000000
100.000000
100.000000
100.000000
56.000000
100.000000
91.000000
100.000000
100.000000
100.000000
40.000000
41.000000
100.000000
22.000000
100.000000
100.000000
71.000000
100.000000
100.000000
100.000000
38.000000
100.000000
98.000000
100.000000
100.000000
100.000000
100.000000
100.000000
22.000000
100.000000
100.000000
40.000000
93.000000
100.000000
100.000000
81.000000
100.000000
100.000000
100.000000
100.000000
79.000000
100.000000
100.000000
100.000000
100.000000
100.000000
100.000000
100.000000
56.000000
100.000000
100.000000
100.000000
66.000000
100.000000
74.000000
100.000000
100.000000
100.000000
100.000000
40.000000
100.000000
100.000000
100.000000
100.000000
100.000000
22.000000
100.000000
100.000000
40.000000
100.000000
89.000000
100.000000
76.000000
22.000000
100.000000
78.000000
100.000000
76.000000
22.000000
97.000000
100.000000
100.000000
100.000000
100.000000
100.000000
