24.000000
26.000000
23.000000
22.000000
24.000000
27.000000
22.000000
22.000000
22.000000
24.000000
22.000000
27.000000
27.000000
22.000000
22.000000
22.000000
22.000000
22.000000
22.000000
22.000000
22.000000
22.000000
22.000000
22.000000
24.000000
22.000000
24.000000
22.000000
22.000000
22.000000
22.000000
22.000000
22.000000
24.000000
46.000000
24.000000
27.000000
22.000000
22.000000
22.000000
22.000000
22.000000
24.000000
24.000000
24.000000
22.000000
27.000000
22.000000
24.000000
22.000000
24.000000
24.000000
22.000000
22.000000
27.000000
24.000000
22.000000
27.000000
24.000000
22.000000
24.000000
22.000000
24.000000
24.000000
22.000000
27.000000
24.000000
27.000000
22.000000
22.000000
24.000000
22.000000
22.000000
24.000000
24.000000
24.000000
22.000000
24.000000
24.000000
24.000000
24.000000
22.000000
24.000000
22.000000
22.000000
22.000000
24.000000
22.000000
22.000000
24.000000
24.000000
22.000000
24.000000
22.000000
24.000000
22.000000
24.000000
22.000000
24.000000
46.000000
22.000000
24.000000
22.000000
22.000000
22.000000
24.000000
22.000000
46.000000
24.000000
24.000000
22.000000
24.000000
24.000000
27.000000
24.000000
24.000000
24.000000
22.000000
24.000000
27.000000
27.000000
22.000000
27.000000
27.000000
22.000000
22.000000
27.000000
27.000000
22.000000
27.000000
22.000000
22.000000
27.000000
22.000000
27.000000
27.000000
27.000000
22.000000
22.000000
27.000000
22.000000
22.000000
22.000000
27.000000
27.000000
27.000000
27.000000
27.000000
27.000000
27.000000
46.000000
27.000000
27.000000
27.000000
27.000000
27.000000
27.000000
27.000000
27.000000
27.000000
27.000000
52.000000
27.000000
27.000000
27.000000
27.000000
27.000000
27.000000
27.000000
27.000000
27.000000
27.000000
27.000000
27.000000
27.000000
27.000000
27.000000
27.000000
27.000000
27.000000
27.000000
27.000000
27.000000
27.000000
27.000000
27.000000
27.000000
27.000000
27.000000
27.000000
27.000000
27.000000
27.000000
27.000000
27.000000
27.000000
27.000000
27.000000
27.000000
27.000000
27.000000
27.000000
27.000000
27.000000
27.000000
27.000000
27.000000
27.000000
27.000000
27.000000
27.000000
27.000000
27.000000
27.000000
27.000000
27.000000
27.000000
27.000000
27.000000
27.000000
27.000000
27.000000
27.000000
27.000000
27.000000
27.000000
27.000000
27.000000
27.000000
27.000000
27.000000
27.000000
27.000000
27.000000
27.000000
27.000000
27.000000
27.000000
27.000000
27.000000
27.000000
27.000000
27.000000
27.000000
27.000000
27.000000
27.000000
27.000000
27.000000
27.000000
27.000000
27.000000
27.000000
27.000000
27.000000
27.000000
27.000000
27.000000
27.000000
27.000000
27.000000
27.000000
27.000000
27.000000
27.000000
27.000000
27.000000
27.000000
27.000000
27.000000
27.000000
27.000000
27.000000
27.000000
27.000000
27.000000
27.000000
27.000000
27.000000
27.000000
27.000000
27.000000
27.000000
27.000000
27.000000
27.000000
27.000000
27.000000
27.000000
27.000000
27.000000
27.000000
27.000000
27.000000
27.000000
27.000000
27.000000
27.000000
27.000000
27.000000
