24.000000
24.000000
37.000000
24.000000
22.000000
32.000000
28.000000
24.000000
22.000000
22.000000
27.000000
26.000000
32.000000
24.000000
24.000000
24.000000
48.000000
22.000000
22.000000
22.000000
22.000000
22.000000
22.000000
22.000000
22.000000
27.000000
22.000000
22.000000
22.000000
22.000000
27.000000
27.000000
24.000000
100.000000
62.000000
100.000000
27.000000
27.000000
68.000000
100.000000
100.000000
81.000000
100.000000
100.000000
100.000000
100.000000
100.000000
100.000000
100.000000
100.000000
100.000000
24.000000
27.000000
100.000000
100.000000
100.000000
100.000000
100.000000
27.000000
100.000000
100.000000
100.000000
100.000000
27.000000
100.000000
100.000000
100.000000
100.000000
100.000000
100.000000
100.000000
27.000000
27.000000
27.000000
48.000000
27.000000
27.000000
27.000000
27.000000
100.000000
27.000000
100.000000
100.000000
27.000000
100.000000
100.000000
100.000000
100.000000
100.000000
100.000000
100.000000
27.000000
27.000000
100.000000
100.000000
100.000000
100.000000
27.000000
100.000000
100.000000
100.000000
27.000000
27.000000
100.000000
27.000000
27.000000
100.000000
27.000000
100.000000
100.000000
27.000000
27.000000
27.000000
27.000000
27.000000
100.000000
27.000000
27.000000
100.000000
27.000000
27.000000
100.000000
27.000000
100.000000
27.000000
100.000000
75.000000
27.000000
100.000000
27.000000
27.000000
27.000000
100.000000
100.000000
100.000000
100.000000
100.000000
27.000000
100.000000
100.000000
100.000000
100.000000
27.000000
71.000000
100.000000
27.000000
71.000000
100.000000
27.000000
27.000000
99.000000
100.000000
100.000000
100.000000
100.000000
51.000000
49.000000
71.000000
49.000000
100.000000
100.000000
71.000000
97.000000
100.000000
100.000000
100.000000
100.000000
100.000000
97.000000
99.000000
97.000000
100.000000
100.000000
100.000000
100.000000
97.000000
100.000000
100.000000
100.000000
100.000000
97.000000
100.000000
100.000000
97.000000
71.000000
100.000000
100.000000
100.000000
100.000000
100.000000
100.000000
99.000000
100.000000
100.000000
98.000000
51.000000
100.000000
100.000000
100.000000
100.000000
100.000000
100.000000
100.000000
100.000000
100.000000
100.000000
97.000000
100.000000
100.000000
100.000000
100.000000
100.000000
100.000000
100.000000
100.000000
100.000000
100.000000
100.000000
100.000000
100.000000
100.000000
100.000000
100.000000
97.000000
100.000000
100.000000
100.000000
100.000000
97.000000
100.000000
100.000000
100.000000
98.000000
100.000000
100.000000
100.000000
100.000000
100.000000
98.000000
100.000000
97.000000
100.000000
71.000000
100.000000
100.000000
71.000000
100.000000
100.000000
100.000000
100.000000
97.000000
100.000000
100.000000
98.000000
97.000000
97.000000
100.000000
100.000000
100.000000
100.000000
100.000000
100.000000
97.000000
100.000000
100.000000
100.000000
100.000000
100.000000
100.000000
73.000000
100.000000
100.000000
27.000000
50.000000
100.000000
27.000000
100.000000
100.000000
98.000000
100.000000
