22.000000
22.000000
22.000000
24.000000
24.000000
22.000000
27.000000
44.000000
22.000000
22.000000
24.000000
27.000000
24.000000
22.000000
27.000000
27.000000
22.000000
22.000000
24.000000
22.000000
27.000000
27.000000
27.000000
22.000000
22.000000
22.000000
22.000000
22.000000
22.000000
22.000000
22.000000
74.000000
27.000000
27.000000
51.000000
27.000000
27.000000
27.000000
27.000000
50.000000
27.000000
27.000000
27.000000
27.000000
97.000000
27.000000
100.000000
100.000000
27.000000
27.000000
100.000000
27.000000
27.000000
27.000000
27.000000
27.000000
27.000000
27.000000
27.000000
27.000000
27.000000
27.000000
27.000000
27.000000
100.000000
27.000000
100.000000
27.000000
27.000000
27.000000
27.000000
100.000000
100.000000
100.000000
100.000000
100.000000
100.000000
27.000000
27.000000
27.000000
100.000000
27.000000
100.000000
100.000000
27.000000
27.000000
27.000000
27.000000
27.000000
27.000000
100.000000
27.000000
100.000000
100.000000
27.000000
100.000000
27.000000
100.000000
27.000000
27.000000
27.000000
100.000000
27.000000
100.000000
27.000000
100.000000
100.000000
100.000000
27.000000
99.000000
27.000000
100.000000
100.000000
100.000000
27.000000
100.000000
100.000000
27.000000
27.000000
27.000000
27.000000
100.000000
100.000000
27.000000
100.000000
27.000000
100.000000
71.000000
27.000000
98.000000
100.000000
100.000000
100.000000
100.000000
100.000000
27.000000
27.000000
27.000000
98.000000
27.000000
100.000000
27.000000
27.000000
100.000000
27.000000
27.000000
100.000000
100.000000
27.000000
100.000000
27.000000
27.000000
98.000000
27.000000
100.000000
27.000000
27.000000
100.000000
27.000000
100.000000
27.000000
100.000000
27.000000
99.000000
27.000000
27.000000
99.000000
100.000000
100.000000
27.000000
27.000000
27.000000
27.000000
100.000000
27.000000
98.000000
27.000000
27.000000
98.000000
27.000000
27.000000
27.000000
98.000000
27.000000
99.000000
27.000000
27.000000
98.000000
27.000000
27.000000
100.000000
100.000000
100.000000
27.000000
100.000000
27.000000
100.000000
27.000000
27.000000
27.000000
100.000000
100.000000
27.000000
27.000000
100.000000
27.000000
98.000000
27.000000
27.000000
98.000000
27.000000
99.000000
98.000000
27.000000
100.000000
100.000000
100.000000
100.000000
100.000000
27.000000
98.000000
100.000000
27.000000
100.000000
98.000000
100.000000
27.000000
100.000000
100.000000
27.000000
27.000000
100.000000
27.000000
98.000000
100.000000
27.000000
99.000000
100.000000
27.000000
100.000000
27.000000
100.000000
27.000000
100.000000
98.000000
98.000000
98.000000
98.000000
27.000000
27.000000
100.000000
100.000000
98.000000
27.000000
27.000000
98.000000
27.000000
27.000000
27.000000
27.000000
100.000000
98.000000
98.000000
27.000000
98.000000
100.000000
27.000000
27.000000
98.000000
27.000000
100.000000
100.000000
27.000000
27.000000
100.000000
27.000000
27.000000
27.000000
27.000000
27.000000
27.000000
98.000000
100.000000
27.000000
98.000000
100.000000
27.000000
27.000000
27.000000
100.000000
100.000000
27.000000
100.000000
98.000000
27.000000
27.000000
27.000000
27.000000
98.000000
27.000000
