32.000000
27.000000
27.000000
37.000000
29.000000
30.000000
34.000000
52.000000
22.000000
22.000000
22.000000
27.000000
22.000000
22.000000
22.000000
22.000000
22.000000
27.000000
22.000000
22.000000
22.000000
22.000000
22.000000
22.000000
22.000000
40.000000
22.000000
22.000000
22.000000
22.000000
22.000000
22.000000
22.000000
27.000000
22.000000
22.000000
22.000000
22.000000
22.000000
27.000000
22.000000
22.000000
22.000000
22.000000
22.000000
22.000000
22.000000
22.000000
22.000000
42.000000
22.000000
27.000000
22.000000
22.000000
27.000000
27.000000
42.000000
27.000000
27.000000
27.000000
27.000000
22.000000
27.000000
27.000000
22.000000
52.000000
27.000000
27.000000
22.000000
42.000000
52.000000
27.000000
27.000000
27.000000
22.000000
22.000000
42.000000
25.000000
25.000000
25.000000
25.000000
25.000000
25.000000
27.000000
25.000000
25.000000
25.000000
25.000000
22.000000
25.000000
25.000000
25.000000
25.000000
25.000000
25.000000
25.000000
25.000000
25.000000
25.000000
25.000000
25.000000
25.000000
25.000000
25.000000
25.000000
25.000000
25.000000
25.000000
25.000000
25.000000
25.000000
25.000000
25.000000
25.000000
25.000000
25.000000
27.000000
44.000000
44.000000
25.000000
44.000000
27.000000
27.000000
44.000000
27.000000
27.000000
27.000000
27.000000
27.000000
27.000000
27.000000
27.000000
52.000000
52.000000
44.000000
44.000000
44.000000
44.000000
27.000000
27.000000
44.000000
27.000000
44.000000
44.000000
44.000000
44.000000
44.000000
27.000000
27.000000
44.000000
44.000000
44.000000
27.000000
27.000000
44.000000
27.000000
44.000000
44.000000
44.000000
43.000000
44.000000
27.000000
44.000000
27.000000
44.000000
44.000000
27.000000
27.000000
27.000000
44.000000
44.000000
44.000000
44.000000
27.000000
44.000000
27.000000
44.000000
27.000000
44.000000
44.000000
44.000000
27.000000
44.000000
44.000000
44.000000
44.000000
44.000000
44.000000
44.000000
44.000000
44.000000
44.000000
44.000000
27.000000
44.000000
44.000000
27.000000
27.000000
27.000000
44.000000
27.000000
44.000000
44.000000
44.000000
44.000000
44.000000
44.000000
44.000000
27.000000
44.000000
27.000000
44.000000
44.000000
27.000000
44.000000
27.000000
44.000000
44.000000
44.000000
44.000000
44.000000
27.000000
44.000000
44.000000
27.000000
27.000000
27.000000
27.000000
44.000000
44.000000
44.000000
44.000000
27.000000
44.000000
44.000000
44.000000
44.000000
44.000000
44.000000
44.000000
27.000000
27.000000
27.000000
44.000000
44.000000
44.000000
44.000000
44.000000
44.000000
44.000000
44.000000
44.000000
44.000000
44.000000
44.000000
27.000000
27.000000
44.000000
44.000000
44.000000
44.000000
44.000000
27.000000
27.000000
27.000000
44.000000
44.000000
44.000000
44.000000
27.000000
44.000000
44.000000
44.000000
27.000000
44.000000
44.000000
27.000000
44.000000
44.000000
27.000000
44.000000
27.000000
27.000000
27.000000
44.000000
27.000000
44.000000
44.000000
27.000000
44.000000
44.000000
44.000000
44.000000
44.000000
44.000000
44.000000
44.000000
27.000000
44.000000
27.000000
