31.000000
58.000000
27.000000
27.000000
28.000000
36.000000
22.000000
22.000000
41.000000
36.000000
75.000000
36.000000
36.000000
32.000000
31.000000
34.000000
48.000000
34.000000
100.000000
96.000000
22.000000
45.000000
100.000000
98.000000
88.000000
34.000000
34.000000
62.000000
65.000000
34.000000
90.000000
92.000000
100.000000
22.000000
100.000000
92.000000
62.000000
60.000000
37.000000
61.000000
88.000000
60.000000
34.000000
34.000000
34.000000
34.000000
34.000000
36.000000
87.000000
34.000000
62.000000
34.000000
34.000000
61.000000
34.000000
88.000000
34.000000
35.000000
34.000000
34.000000
34.000000
36.000000
34.000000
34.000000
60.000000
34.000000
35.000000
34.000000
34.000000
34.000000
35.000000
34.000000
35.000000
35.000000
61.000000
34.000000
34.000000
34.000000
61.000000
86.000000
34.000000
35.000000
34.000000
34.000000
35.000000
34.000000
34.000000
35.000000
34.000000
34.000000
60.000000
34.000000
34.000000
34.000000
34.000000
34.000000
34.000000
34.000000
34.000000
34.000000
34.000000
60.000000
60.000000
60.000000
34.000000
34.000000
34.000000
34.000000
34.000000
34.000000
34.000000
34.000000
34.000000
59.000000
59.000000
34.000000
34.000000
34.000000
60.000000
34.000000
60.000000
34.000000
34.000000
35.000000
84.000000
34.000000
34.000000
34.000000
34.000000
34.000000
34.000000
34.000000
34.000000
35.000000
35.000000
61.000000
61.000000
35.000000
34.000000
35.000000
34.000000
59.000000
34.000000
34.000000
34.000000
34.000000
34.000000
34.000000
34.000000
88.000000
34.000000
34.000000
60.000000
34.000000
34.000000
34.000000
34.000000
35.000000
35.000000
34.000000
87.000000
34.000000
35.000000
34.000000
35.000000
34.000000
34.000000
34.000000
34.000000
35.000000
35.000000
61.000000
35.000000
34.000000
34.000000
34.000000
100.000000
59.000000
34.000000
34.000000
34.000000
34.000000
35.000000
63.000000
35.000000
34.000000
87.000000
34.000000
34.000000
34.000000
34.000000
60.000000
59.000000
59.000000
34.000000
35.000000
35.000000
60.000000
34.000000
34.000000
61.000000
34.000000
34.000000
34.000000
60.000000
35.000000
34.000000
34.000000
35.000000
35.000000
34.000000
35.000000
35.000000
34.000000
34.000000
34.000000
34.000000
34.000000
34.000000
34.000000
34.000000
59.000000
34.000000
100.000000
34.000000
60.000000
35.000000
34.000000
60.000000
60.000000
34.000000
61.000000
35.000000
34.000000
34.000000
61.000000
35.000000
35.000000
34.000000
34.000000
34.000000
34.000000
35.000000
34.000000
35.000000
86.000000
59.000000
34.000000
34.000000
60.000000
35.000000
59.000000
34.000000
34.000000
34.000000
35.000000
34.000000
34.000000
34.000000
34.000000
60.000000
34.000000
34.000000
34.000000
35.000000
59.000000
34.000000
35.000000
34.000000
34.000000
59.000000
60.000000
34.000000
34.000000
34.000000
100.000000
59.000000
34.000000
35.000000
35.000000
34.000000
59.000000
34.000000
35.000000
34.000000
34.000000
34.000000
35.000000
58.000000
34.000000
34.000000
34.000000
59.000000
34.000000
34.000000
34.000000
34.000000
59.000000
34.000000
60.000000
