64.000000
40.000000
100.000000
100.000000
100.000000
52.000000
100.000000
22.000000
100.000000
100.000000
100.000000
100.000000
100.000000
100.000000
100.000000
100.000000
100.000000
100.000000
100.000000
100.000000
100.000000
40.000000
100.000000
100.000000
100.000000
100.000000
40.000000
100.000000
40.000000
100.000000
100.000000
100.000000
58.000000
22.000000
22.000000
57.000000
76.000000
22.000000
22.000000
100.000000
100.000000
100.000000
100.000000
74.000000
91.000000
100.000000
100.000000
100.000000
100.000000
100.000000
39.000000
100.000000
100.000000
100.000000
71.000000
78.000000
100.000000
72.000000
100.000000
100.000000
100.000000
100.000000
100.000000
100.000000
100.000000
100.000000
94.000000
22.000000
39.000000
83.000000
83.000000
100.000000
39.000000
72.000000
100.000000
100.000000
42.000000
100.000000
100.000000
22.000000
55.000000
100.000000
100.000000
100.000000
78.000000
100.000000
100.000000
100.000000
100.000000
100.000000
42.000000
100.000000
100.000000
100.000000
100.000000
100.000000
100.000000
55.000000
100.000000
100.000000
100.000000
100.000000
100.000000
100.000000
100.000000
100.000000
100.000000
100.000000
100.000000
100.000000
91.000000
100.000000
100.000000
100.000000
100.000000
100.000000
100.000000
100.000000
100.000000
100.000000
100.000000
100.000000
100.000000
100.000000
100.000000
100.000000
100.000000
100.000000
100.000000
100.000000
100.000000
100.000000
100.000000
100.000000
100.000000
100.000000
100.000000
100.000000
100.000000
100.000000
100.000000
100.000000
100.000000
100.000000
100.000000
100.000000
100.000000
100.000000
100.000000
100.000000
100.000000
100.000000
100.000000
100.000000
100.000000
100.000000
99.000000
100.000000
38.000000
40.000000
100.000000
100.000000
100.000000
58.000000
56.000000
100.000000
37.000000
40.000000
100.000000
100.000000
59.000000
100.000000
100.000000
100.000000
100.000000
22.000000
81.000000
22.000000
22.000000
22.000000
22.000000
22.000000
22.000000
22.000000
22.000000
22.000000
22.000000
60.000000
22.000000
22.000000
100.000000
100.000000
100.000000
100.000000
100.000000
100.000000
100.000000
44.000000
100.000000
100.000000
75.000000
100.000000
93.000000
96.000000
100.000000
100.000000
100.000000
100.000000
100.000000
100.000000
84.000000
100.000000
100.000000
100.000000
100.000000
100.000000
100.000000
100.000000
100.000000
100.000000
100.000000
100.000000
100.000000
100.000000
100.000000
96.000000
100.000000
100.000000
22.000000
77.000000
22.000000
22.000000
56.000000
100.000000
100.000000
58.000000
100.000000
100.000000
100.000000
100.000000
100.000000
73.000000
62.000000
100.000000
40.000000
40.000000
100.000000
100.000000
100.000000
40.000000
22.000000
22.000000
22.000000
74.000000
100.000000
96.000000
100.000000
100.000000
100.000000
100.000000
100.000000
100.000000
100.000000
100.000000
81.000000
100.000000
100.000000
100.000000
100.000000
100.000000
81.000000
100.000000
59.000000
22.000000
100.000000
100.000000
22.000000
40.000000
100.000000
100.000000
100.000000
22.000000
22.000000
100.000000
100.000000
100.000000
100.000000
100.000000
100.000000
100.000000
100.000000
100.000000
100.000000
100.000000
100.000000
100.000000
100.000000
100.000000
100.000000
40.000000
