22.000000
24.000000
38.000000
35.000000
22.000000
22.000000
24.000000
26.000000
28.000000
22.000000
24.000000
24.000000
24.000000
33.000000
22.000000
24.000000
22.000000
48.000000
33.000000
22.000000
22.000000
22.000000
22.000000
22.000000
22.000000
22.000000
24.000000
22.000000
22.000000
22.000000
22.000000
22.000000
22.000000
22.000000
22.000000
22.000000
24.000000
22.000000
22.000000
22.000000
22.000000
22.000000
27.000000
46.000000
100.000000
82.000000
24.000000
74.000000
97.000000
51.000000
73.000000
27.000000
27.000000
100.000000
27.000000
71.000000
27.000000
100.000000
24.000000
27.000000
27.000000
100.000000
100.000000
27.000000
27.000000
100.000000
100.000000
27.000000
100.000000
27.000000
27.000000
100.000000
100.000000
27.000000
27.000000
100.000000
27.000000
100.000000
24.000000
24.000000
100.000000
100.000000
100.000000
27.000000
100.000000
100.000000
100.000000
100.000000
27.000000
27.000000
27.000000
27.000000
27.000000
100.000000
27.000000
27.000000
100.000000
27.000000
27.000000
27.000000
27.000000
27.000000
27.000000
100.000000
27.000000
27.000000
27.000000
27.000000
100.000000
100.000000
100.000000
100.000000
100.000000
100.000000
100.000000
27.000000
100.000000
51.000000
100.000000
27.000000
100.000000
100.000000
100.000000
100.000000
100.000000
100.000000
100.000000
100.000000
100.000000
100.000000
27.000000
100.000000
98.000000
100.000000
27.000000
100.000000
100.000000
27.000000
27.000000
27.000000
100.000000
100.000000
27.000000
100.000000
100.000000
100.000000
100.000000
27.000000
100.000000
27.000000
100.000000
27.000000
100.000000
27.000000
100.000000
27.000000
27.000000
98.000000
27.000000
100.000000
100.000000
100.000000
97.000000
27.000000
100.000000
100.000000
27.000000
27.000000
27.000000
27.000000
27.000000
98.000000
27.000000
27.000000
100.000000
97.000000
100.000000
98.000000
100.000000
100.000000
100.000000
27.000000
100.000000
98.000000
98.000000
100.000000
100.000000
27.000000
100.000000
100.000000
100.000000
98.000000
100.000000
97.000000
100.000000
98.000000
98.000000
100.000000
100.000000
27.000000
100.000000
98.000000
98.000000
100.000000
98.000000
27.000000
100.000000
98.000000
100.000000
100.000000
100.000000
98.000000
27.000000
27.000000
100.000000
98.000000
98.000000
100.000000
100.000000
27.000000
27.000000
100.000000
100.000000
27.000000
27.000000
100.000000
100.000000
100.000000
27.000000
27.000000
100.000000
100.000000
27.000000
27.000000
27.000000
27.000000
27.000000
100.000000
100.000000
27.000000
100.000000
100.000000
100.000000
100.000000
100.000000
27.000000
100.000000
100.000000
27.000000
27.000000
27.000000
27.000000
100.000000
100.000000
100.000000
100.000000
100.000000
100.000000
100.000000
100.000000
100.000000
100.000000
27.000000
100.000000
100.000000
27.000000
100.000000
100.000000
27.000000
100.000000
27.000000
100.000000
100.000000
27.000000
27.000000
100.000000
27.000000
27.000000
100.000000
27.000000
100.000000
100.000000
100.000000
100.000000
27.000000
100.000000
100.000000
100.000000
27.000000
100.000000
100.000000
100.000000
100.000000
27.000000
100.000000
100.000000
100.000000
100.000000
27.000000
27.000000
