22.000000
27.000000
24.000000
44.000000
22.000000
29.000000
24.000000
24.000000
25.000000
24.000000
27.000000
33.000000
22.000000
57.000000
28.000000
22.000000
22.000000
22.000000
22.000000
22.000000
22.000000
22.000000
22.000000
22.000000
22.000000
22.000000
22.000000
22.000000
22.000000
22.000000
22.000000
22.000000
22.000000
27.000000
22.000000
22.000000
22.000000
27.000000
22.000000
22.000000
22.000000
22.000000
22.000000
22.000000
27.000000
22.000000
22.000000
41.000000
22.000000
22.000000
22.000000
22.000000
22.000000
22.000000
22.000000
22.000000
22.000000
22.000000
22.000000
22.000000
22.000000
22.000000
22.000000
22.000000
22.000000
22.000000
22.000000
22.000000
22.000000
22.000000
22.000000
22.000000
22.000000
22.000000
22.000000
22.000000
22.000000
22.000000
41.000000
22.000000
22.000000
22.000000
22.000000
22.000000
22.000000
22.000000
22.000000
22.000000
22.000000
22.000000
22.000000
41.000000
22.000000
22.000000
22.000000
22.000000
22.000000
22.000000
22.000000
22.000000
22.000000
22.000000
22.000000
22.000000
22.000000
27.000000
22.000000
22.000000
22.000000
22.000000
22.000000
22.000000
22.000000
22.000000
22.000000
22.000000
22.000000
22.000000
22.000000
22.000000
22.000000
22.000000
22.000000
22.000000
22.000000
22.000000
27.000000
27.000000
27.000000
27.000000
27.000000
27.000000
27.000000
27.000000
27.000000
27.000000
27.000000
27.000000
100.000000
100.000000
100.000000
27.000000
27.000000
27.000000
27.000000
100.000000
27.000000
100.000000
27.000000
27.000000
100.000000
27.000000
27.000000
100.000000
27.000000
100.000000
27.000000
27.000000
27.000000
100.000000
100.000000
100.000000
27.000000
27.000000
27.000000
27.000000
100.000000
27.000000
27.000000
100.000000
27.000000
94.000000
100.000000
100.000000
27.000000
27.000000
27.000000
27.000000
100.000000
27.000000
27.000000
27.000000
100.000000
27.000000
100.000000
100.000000
100.000000
72.000000
48.000000
100.000000
100.000000
100.000000
100.000000
100.000000
24.000000
100.000000
97.000000
100.000000
100.000000
100.000000
71.000000
100.000000
100.000000
100.000000
100.000000
100.000000
100.000000
100.000000
100.000000
96.000000
100.000000
100.000000
100.000000
94.000000
100.000000
100.000000
100.000000
100.000000
100.000000
100.000000
71.000000
71.000000
100.000000
100.000000
100.000000
100.000000
100.000000
99.000000
27.000000
27.000000
100.000000
100.000000
27.000000
100.000000
27.000000
27.000000
100.000000
27.000000
100.000000
100.000000
100.000000
27.000000
98.000000
100.000000
27.000000
27.000000
100.000000
27.000000
99.000000
100.000000
27.000000
100.000000
100.000000
100.000000
100.000000
27.000000
100.000000
27.000000
27.000000
100.000000
96.000000
27.000000
27.000000
100.000000
27.000000
98.000000
100.000000
100.000000
100.000000
27.000000
27.000000
100.000000
79.000000
27.000000
100.000000
27.000000
27.000000
27.000000
100.000000
100.000000
27.000000
100.000000
100.000000
100.000000
100.000000
100.000000
99.000000
100.000000
100.000000
27.000000
98.000000
27.000000
100.000000
100.000000
27.000000
100.000000
100.000000
100.000000
100.000000
27.000000
