100.000000
68.000000
95.000000
27.000000
36.000000
43.000000
100.000000
75.000000
43.000000
90.000000
100.000000
100.000000
100.000000
100.000000
100.000000
100.000000
100.000000
86.000000
36.000000
43.000000
38.000000
49.000000
27.000000
27.000000
27.000000
27.000000
27.000000
27.000000
27.000000
27.000000
27.000000
27.000000
27.000000
27.000000
27.000000
27.000000
27.000000
27.000000
100.000000
27.000000
27.000000
27.000000
68.000000
50.000000
27.000000
27.000000
49.000000
27.000000
68.000000
72.000000
27.000000
49.000000
100.000000
62.000000
47.000000
100.000000
100.000000
100.000000
100.000000
100.000000
27.000000
100.000000
27.000000
97.000000
100.000000
27.000000
100.000000
69.000000
100.000000
87.000000
38.000000
68.000000
100.000000
43.000000
100.000000
27.000000
34.000000
47.000000
27.000000
27.000000
27.000000
88.000000
27.000000
27.000000
42.000000
36.000000
27.000000
70.000000
28.000000
28.000000
27.000000
27.000000
38.000000
43.000000
27.000000
27.000000
27.000000
51.000000
28.000000
27.000000
49.000000
27.000000
60.000000
27.000000
28.000000
27.000000
65.000000
27.000000
28.000000
27.000000
27.000000
27.000000
27.000000
28.000000
27.000000
27.000000
27.000000
28.000000
27.000000
48.000000
27.000000
27.000000
28.000000
48.000000
27.000000
27.000000
27.000000
28.000000
27.000000
27.000000
27.000000
27.000000
28.000000
27.000000
27.000000
42.000000
27.000000
27.000000
28.000000
51.000000
63.000000
50.000000
40.000000
27.000000
27.000000
27.000000
27.000000
28.000000
27.000000
27.000000
27.000000
27.000000
27.000000
50.000000
27.000000
28.000000
55.000000
27.000000
41.000000
55.000000
28.000000
27.000000
34.000000
59.000000
28.000000
27.000000
27.000000
27.000000
34.000000
27.000000
27.000000
27.000000
28.000000
27.000000
27.000000
49.000000
27.000000
27.000000
27.000000
27.000000
27.000000
27.000000
28.000000
27.000000
27.000000
27.000000
28.000000
36.000000
27.000000
27.000000
27.000000
27.000000
34.000000
27.000000
27.000000
27.000000
27.000000
27.000000
28.000000
39.000000
27.000000
27.000000
27.000000
27.000000
27.000000
27.000000
27.000000
36.000000
27.000000
27.000000
27.000000
27.000000
28.000000
27.000000
27.000000
27.000000
27.000000
28.000000
28.000000
27.000000
27.000000
27.000000
27.000000
27.000000
28.000000
27.000000
27.000000
27.000000
28.000000
27.000000
76.000000
27.000000
27.000000
47.000000
28.000000
27.000000
27.000000
27.000000
27.000000
27.000000
27.000000
27.000000
27.000000
27.000000
27.000000
27.000000
27.000000
28.000000
27.000000
27.000000
27.000000
27.000000
28.000000
27.000000
27.000000
27.000000
27.000000
27.000000
27.000000
27.000000
27.000000
34.000000
27.000000
27.000000
35.000000
27.000000
27.000000
27.000000
27.000000
27.000000
27.000000
28.000000
27.000000
27.000000
27.000000
34.000000
27.000000
27.000000
27.000000
27.000000
49.000000
27.000000
28.000000
27.000000
27.000000
28.000000
47.000000
27.000000
27.000000
27.000000
27.000000
27.000000
27.000000
27.000000
27.000000
27.000000
47.000000
27.000000
27.000000
27.000000
