36.000000
26.000000
30.000000
22.000000
27.000000
28.000000
27.000000
39.000000
22.000000
27.000000
27.000000
22.000000
22.000000
34.000000
22.000000
22.000000
22.000000
22.000000
22.000000
22.000000
22.000000
22.000000
22.000000
22.000000
22.000000
39.000000
22.000000
22.000000
22.000000
22.000000
22.000000
22.000000
22.000000
22.000000
27.000000
22.000000
41.000000
22.000000
22.000000
27.000000
22.000000
22.000000
22.000000
22.000000
22.000000
22.000000
22.000000
22.000000
22.000000
22.000000
22.000000
22.000000
22.000000
41.000000
22.000000
22.000000
22.000000
22.000000
22.000000
22.000000
22.000000
22.000000
22.000000
22.000000
22.000000
22.000000
22.000000
22.000000
22.000000
22.000000
22.000000
22.000000
22.000000
22.000000
22.000000
22.000000
22.000000
22.000000
22.000000
22.000000
22.000000
22.000000
22.000000
22.000000
22.000000
22.000000
22.000000
22.000000
22.000000
22.000000
22.000000
22.000000
22.000000
22.000000
22.000000
22.000000
22.000000
22.000000
22.000000
22.000000
22.000000
22.000000
22.000000
22.000000
22.000000
22.000000
22.000000
22.000000
22.000000
22.000000
22.000000
22.000000
22.000000
22.000000
22.000000
22.000000
22.000000
22.000000
22.000000
22.000000
22.000000
22.000000
22.000000
22.000000
22.000000
22.000000
22.000000
22.000000
22.000000
22.000000
22.000000
22.000000
22.000000
22.000000
22.000000
22.000000
22.000000
22.000000
22.000000
22.000000
22.000000
22.000000
22.000000
22.000000
22.000000
22.000000
22.000000
22.000000
22.000000
22.000000
22.000000
22.000000
22.000000
22.000000
22.000000
22.000000
22.000000
22.000000
22.000000
22.000000
22.000000
22.000000
22.000000
22.000000
22.000000
22.000000
22.000000
22.000000
22.000000
22.000000
22.000000
22.000000
22.000000
22.000000
22.000000
22.000000
22.000000
22.000000
22.000000
22.000000
22.000000
22.000000
22.000000
22.000000
22.000000
22.000000
22.000000
22.000000
22.000000
22.000000
22.000000
22.000000
22.000000
22.000000
22.000000
22.000000
41.000000
27.000000
22.000000
22.000000
22.000000
22.000000
22.000000
22.000000
79.000000
100.000000
100.000000
100.000000
100.000000
100.000000
27.000000
100.000000
27.000000
27.000000
99.000000
100.000000
100.000000
100.000000
27.000000
100.000000
100.000000
99.000000
100.000000
100.000000
100.000000
27.000000
27.000000
100.000000
27.000000
27.000000
100.000000
27.000000
27.000000
100.000000
100.000000
99.000000
100.000000
100.000000
27.000000
100.000000
100.000000
100.000000
27.000000
100.000000
99.000000
100.000000
51.000000
27.000000
100.000000
100.000000
27.000000
100.000000
100.000000
27.000000
27.000000
27.000000
27.000000
27.000000
27.000000
27.000000
27.000000
27.000000
27.000000
27.000000
100.000000
100.000000
100.000000
100.000000
100.000000
99.000000
100.000000
27.000000
27.000000
100.000000
100.000000
100.000000
27.000000
100.000000
100.000000
100.000000
27.000000
100.000000
100.000000
99.000000
100.000000
100.000000
100.000000
99.000000
100.000000
99.000000
100.000000
100.000000
100.000000
100.000000
100.000000
100.000000
100.000000
100.000000
100.000000
100.000000
