22.000000
24.000000
33.000000
22.000000
22.000000
24.000000
24.000000
24.000000
22.000000
40.000000
22.000000
43.000000
27.000000
39.000000
24.000000
22.000000
33.000000
22.000000
22.000000
22.000000
22.000000
22.000000
24.000000
22.000000
22.000000
22.000000
22.000000
22.000000
22.000000
22.000000
22.000000
22.000000
42.000000
22.000000
42.000000
27.000000
48.000000
61.000000
27.000000
100.000000
100.000000
24.000000
22.000000
42.000000
100.000000
100.000000
100.000000
27.000000
73.000000
100.000000
50.000000
98.000000
100.000000
100.000000
100.000000
100.000000
27.000000
27.000000
27.000000
100.000000
27.000000
100.000000
27.000000
24.000000
27.000000
100.000000
100.000000
27.000000
100.000000
100.000000
100.000000
100.000000
27.000000
100.000000
27.000000
24.000000
27.000000
27.000000
27.000000
27.000000
27.000000
100.000000
100.000000
100.000000
27.000000
100.000000
27.000000
27.000000
27.000000
27.000000
27.000000
27.000000
27.000000
27.000000
27.000000
100.000000
27.000000
100.000000
24.000000
100.000000
24.000000
24.000000
27.000000
27.000000
100.000000
24.000000
27.000000
27.000000
24.000000
24.000000
27.000000
27.000000
24.000000
100.000000
24.000000
100.000000
27.000000
27.000000
27.000000
27.000000
27.000000
27.000000
27.000000
100.000000
100.000000
27.000000
27.000000
100.000000
27.000000
100.000000
27.000000
27.000000
27.000000
27.000000
27.000000
100.000000
27.000000
27.000000
100.000000
27.000000
27.000000
27.000000
100.000000
98.000000
27.000000
100.000000
27.000000
100.000000
98.000000
100.000000
100.000000
100.000000
98.000000
27.000000
100.000000
100.000000
100.000000
100.000000
100.000000
100.000000
100.000000
72.000000
100.000000
100.000000
98.000000
100.000000
100.000000
100.000000
98.000000
100.000000
100.000000
100.000000
100.000000
100.000000
98.000000
100.000000
100.000000
100.000000
95.000000
100.000000
100.000000
100.000000
100.000000
100.000000
100.000000
27.000000
100.000000
27.000000
100.000000
100.000000
100.000000
100.000000
100.000000
100.000000
97.000000
100.000000
100.000000
27.000000
27.000000
100.000000
99.000000
98.000000
27.000000
27.000000
100.000000
27.000000
27.000000
27.000000
27.000000
100.000000
27.000000
27.000000
98.000000
27.000000
100.000000
100.000000
27.000000
27.000000
27.000000
98.000000
100.000000
100.000000
27.000000
100.000000
100.000000
100.000000
100.000000
100.000000
27.000000
100.000000
27.000000
100.000000
27.000000
100.000000
100.000000
100.000000
27.000000
98.000000
100.000000
100.000000
100.000000
27.000000
100.000000
27.000000
27.000000
27.000000
27.000000
27.000000
100.000000
100.000000
100.000000
100.000000
27.000000
27.000000
98.000000
27.000000
27.000000
100.000000
100.000000
100.000000
27.000000
94.000000
100.000000
27.000000
98.000000
27.000000
100.000000
100.000000
27.000000
27.000000
100.000000
100.000000
100.000000
27.000000
27.000000
27.000000
100.000000
98.000000
100.000000
100.000000
100.000000
27.000000
27.000000
100.000000
27.000000
100.000000
100.000000
100.000000
27.000000
98.000000
27.000000
100.000000
100.000000
100.000000
27.000000
100.000000
100.000000
27.000000
27.000000
27.000000
