36.000000
28.000000
27.000000
33.000000
24.000000
24.000000
27.000000
23.000000
22.000000
22.000000
22.000000
44.000000
22.000000
22.000000
22.000000
22.000000
22.000000
22.000000
42.000000
22.000000
42.000000
22.000000
22.000000
45.000000
24.000000
46.000000
22.000000
22.000000
24.000000
24.000000
22.000000
45.000000
46.000000
46.000000
22.000000
42.000000
46.000000
22.000000
22.000000
22.000000
24.000000
46.000000
46.000000
46.000000
45.000000
22.000000
22.000000
22.000000
22.000000
22.000000
22.000000
46.000000
22.000000
22.000000
22.000000
24.000000
22.000000
22.000000
22.000000
42.000000
42.000000
42.000000
41.000000
46.000000
46.000000
22.000000
46.000000
42.000000
42.000000
42.000000
42.000000
42.000000
42.000000
42.000000
22.000000
22.000000
22.000000
42.000000
42.000000
42.000000
42.000000
42.000000
42.000000
22.000000
22.000000
42.000000
42.000000
42.000000
41.000000
42.000000
42.000000
42.000000
42.000000
42.000000
22.000000
41.000000
42.000000
42.000000
42.000000
22.000000
42.000000
42.000000
42.000000
42.000000
42.000000
42.000000
42.000000
42.000000
41.000000
42.000000
42.000000
41.000000
42.000000
42.000000
42.000000
42.000000
42.000000
42.000000
42.000000
42.000000
42.000000
42.000000
42.000000
41.000000
42.000000
42.000000
42.000000
42.000000
41.000000
41.000000
41.000000
42.000000
42.000000
42.000000
41.000000
42.000000
42.000000
41.000000
41.000000
42.000000
42.000000
42.000000
42.000000
42.000000
42.000000
41.000000
42.000000
42.000000
41.000000
42.000000
42.000000
42.000000
42.000000
41.000000
42.000000
41.000000
41.000000
42.000000
41.000000
42.000000
42.000000
41.000000
42.000000
42.000000
42.000000
42.000000
41.000000
42.000000
42.000000
42.000000
41.000000
42.000000
42.000000
42.000000
41.000000
42.000000
41.000000
42.000000
42.000000
42.000000
42.000000
42.000000
42.000000
42.000000
42.000000
42.000000
42.000000
42.000000
42.000000
42.000000
42.000000
41.000000
42.000000
42.000000
42.000000
42.000000
42.000000
41.000000
41.000000
42.000000
42.000000
42.000000
42.000000
42.000000
41.000000
41.000000
42.000000
42.000000
41.000000
42.000000
41.000000
42.000000
42.000000
41.000000
42.000000
41.000000
42.000000
42.000000
42.000000
41.000000
42.000000
42.000000
42.000000
42.000000
41.000000
42.000000
42.000000
42.000000
41.000000
41.000000
42.000000
42.000000
41.000000
41.000000
41.000000
42.000000
42.000000
42.000000
41.000000
42.000000
41.000000
42.000000
42.000000
42.000000
41.000000
42.000000
42.000000
42.000000
42.000000
42.000000
41.000000
42.000000
41.000000
42.000000
41.000000
42.000000
42.000000
42.000000
42.000000
42.000000
42.000000
41.000000
42.000000
42.000000
42.000000
42.000000
42.000000
42.000000
42.000000
42.000000
41.000000
41.000000
42.000000
42.000000
42.000000
42.000000
41.000000
42.000000
42.000000
42.000000
41.000000
42.000000
42.000000
41.000000
41.000000
42.000000
42.000000
41.000000
41.000000
42.000000
41.000000
42.000000
42.000000
42.000000
42.000000
42.000000
42.000000
42.000000
42.000000
41.000000
