100.000000
100.000000
100.000000
100.000000
100.000000
100.000000
100.000000
100.000000
100.000000
100.000000
100.000000
100.000000
100.000000
100.000000
100.000000
100.000000
100.000000
100.000000
100.000000
100.000000
100.000000
100.000000
100.000000
100.000000
100.000000
100.000000
100.000000
100.000000
100.000000
100.000000
100.000000
100.000000
100.000000
100.000000
100.000000
100.000000
100.000000
100.000000
77.000000
40.000000
100.000000
100.000000
100.000000
59.000000
100.000000
100.000000
100.000000
100.000000
100.000000
100.000000
100.000000
100.000000
100.000000
100.000000
100.000000
100.000000
100.000000
100.000000
39.000000
100.000000
100.000000
100.000000
100.000000
100.000000
22.000000
100.000000
100.000000
100.000000
100.000000
100.000000
100.000000
100.000000
100.000000
100.000000
100.000000
100.000000
100.000000
100.000000
100.000000
100.000000
22.000000
82.000000
100.000000
39.000000
100.000000
22.000000
61.000000
22.000000
40.000000
22.000000
39.000000
22.000000
100.000000
100.000000
100.000000
100.000000
100.000000
40.000000
85.000000
85.000000
91.000000
100.000000
100.000000
57.000000
100.000000
100.000000
93.000000
22.000000
40.000000
22.000000
100.000000
40.000000
22.000000
22.000000
82.000000
100.000000
100.000000
22.000000
100.000000
100.000000
22.000000
100.000000
22.000000
22.000000
100.000000
22.000000
100.000000
100.000000
100.000000
100.000000
100.000000
22.000000
100.000000
100.000000
100.000000
22.000000
100.000000
22.000000
100.000000
100.000000
100.000000
100.000000
100.000000
100.000000
100.000000
22.000000
22.000000
22.000000
100.000000
22.000000
100.000000
100.000000
100.000000
100.000000
22.000000
100.000000
100.000000
100.000000
100.000000
100.000000
100.000000
100.000000
100.000000
100.000000
71.000000
100.000000
100.000000
100.000000
75.000000
58.000000
100.000000
40.000000
76.000000
100.000000
100.000000
61.000000
100.000000
100.000000
27.000000
100.000000
100.000000
100.000000
39.000000
100.000000
40.000000
100.000000
100.000000
58.000000
100.000000
100.000000
100.000000
100.000000
40.000000
76.000000
100.000000
79.000000
100.000000
40.000000
40.000000
100.000000
100.000000
100.000000
58.000000
100.000000
40.000000
100.000000
100.000000
100.000000
40.000000
77.000000
40.000000
100.000000
100.000000
100.000000
100.000000
58.000000
100.000000
100.000000
40.000000
40.000000
40.000000
100.000000
100.000000
100.000000
41.000000
40.000000
100.000000
100.000000
100.000000
100.000000
100.000000
100.000000
40.000000
100.000000
40.000000
100.000000
100.000000
100.000000
100.000000
100.000000
100.000000
49.000000
100.000000
100.000000
40.000000
100.000000
99.000000
100.000000
100.000000
100.000000
100.000000
100.000000
40.000000
100.000000
100.000000
100.000000
100.000000
100.000000
100.000000
100.000000
100.000000
100.000000
100.000000
100.000000
100.000000
100.000000
100.000000
100.000000
100.000000
100.000000
100.000000
98.000000
100.000000
100.000000
100.000000
100.000000
55.000000
100.000000
100.000000
100.000000
100.000000
100.000000
57.000000
100.000000
100.000000
100.000000
100.000000
100.000000
100.000000
39.000000
31.000000
100.000000
100.000000
100.000000
100.000000
100.000000
40.000000
100.000000
100.000000
52.000000
