28.000000
22.000000
25.000000
27.000000
22.000000
22.000000
24.000000
50.000000
31.000000
22.000000
22.000000
22.000000
22.000000
22.000000
22.000000
22.000000
22.000000
22.000000
22.000000
22.000000
22.000000
22.000000
22.000000
22.000000
24.000000
22.000000
22.000000
24.000000
22.000000
22.000000
22.000000
22.000000
22.000000
22.000000
22.000000
24.000000
22.000000
22.000000
22.000000
22.000000
22.000000
22.000000
24.000000
22.000000
22.000000
22.000000
22.000000
22.000000
22.000000
22.000000
27.000000
22.000000
22.000000
22.000000
22.000000
40.000000
22.000000
27.000000
22.000000
27.000000
24.000000
22.000000
27.000000
22.000000
24.000000
22.000000
22.000000
22.000000
24.000000
24.000000
22.000000
40.000000
22.000000
24.000000
42.000000
24.000000
27.000000
22.000000
24.000000
24.000000
22.000000
22.000000
24.000000
24.000000
22.000000
42.000000
27.000000
22.000000
27.000000
22.000000
27.000000
22.000000
22.000000
22.000000
22.000000
22.000000
27.000000
22.000000
27.000000
22.000000
22.000000
27.000000
22.000000
22.000000
27.000000
22.000000
22.000000
22.000000
27.000000
27.000000
22.000000
27.000000
22.000000
22.000000
27.000000
27.000000
27.000000
24.000000
22.000000
24.000000
27.000000
22.000000
22.000000
22.000000
22.000000
24.000000
24.000000
22.000000
24.000000
24.000000
24.000000
24.000000
22.000000
27.000000
22.000000
22.000000
22.000000
24.000000
22.000000
24.000000
24.000000
27.000000
22.000000
24.000000
22.000000
22.000000
22.000000
24.000000
22.000000
22.000000
22.000000
22.000000
22.000000
22.000000
24.000000
22.000000
22.000000
24.000000
22.000000
24.000000
22.000000
24.000000
27.000000
22.000000
24.000000
22.000000
24.000000
24.000000
22.000000
22.000000
24.000000
24.000000
22.000000
22.000000
24.000000
27.000000
22.000000
22.000000
22.000000
22.000000
24.000000
22.000000
22.000000
24.000000
24.000000
22.000000
22.000000
22.000000
27.000000
27.000000
27.000000
27.000000
22.000000
27.000000
27.000000
27.000000
27.000000
27.000000
22.000000
27.000000
27.000000
27.000000
22.000000
22.000000
22.000000
22.000000
22.000000
22.000000
27.000000
22.000000
27.000000
22.000000
27.000000
22.000000
22.000000
22.000000
22.000000
27.000000
22.000000
22.000000
27.000000
27.000000
27.000000
27.000000
27.000000
27.000000
27.000000
27.000000
27.000000
27.000000
27.000000
27.000000
27.000000
27.000000
27.000000
27.000000
27.000000
27.000000
27.000000
27.000000
27.000000
27.000000
27.000000
27.000000
27.000000
27.000000
27.000000
27.000000
27.000000
27.000000
27.000000
27.000000
27.000000
27.000000
27.000000
27.000000
27.000000
27.000000
27.000000
27.000000
27.000000
27.000000
27.000000
27.000000
27.000000
27.000000
27.000000
27.000000
27.000000
27.000000
27.000000
27.000000
27.000000
27.000000
27.000000
27.000000
27.000000
27.000000
27.000000
27.000000
27.000000
27.000000
27.000000
27.000000
27.000000
27.000000
27.000000
27.000000
27.000000
27.000000
27.000000
27.000000
27.000000
27.000000
27.000000
27.000000
27.000000
27.000000
27.000000
27.000000
