22.000000
39.000000
25.000000
22.000000
24.000000
24.000000
24.000000
24.000000
22.000000
37.000000
24.000000
40.000000
22.000000
22.000000
22.000000
24.000000
22.000000
22.000000
22.000000
22.000000
22.000000
22.000000
24.000000
22.000000
22.000000
22.000000
22.000000
22.000000
22.000000
22.000000
22.000000
22.000000
22.000000
42.000000
22.000000
22.000000
27.000000
22.000000
27.000000
22.000000
22.000000
22.000000
22.000000
22.000000
22.000000
22.000000
22.000000
22.000000
22.000000
22.000000
22.000000
22.000000
22.000000
22.000000
22.000000
22.000000
22.000000
22.000000
22.000000
22.000000
22.000000
22.000000
22.000000
22.000000
22.000000
22.000000
22.000000
22.000000
22.000000
22.000000
22.000000
22.000000
22.000000
22.000000
22.000000
22.000000
22.000000
22.000000
22.000000
22.000000
22.000000
22.000000
22.000000
22.000000
22.000000
22.000000
22.000000
22.000000
22.000000
22.000000
22.000000
22.000000
22.000000
22.000000
22.000000
22.000000
74.000000
27.000000
100.000000
27.000000
100.000000
48.000000
27.000000
27.000000
27.000000
100.000000
27.000000
27.000000
27.000000
27.000000
27.000000
27.000000
100.000000
27.000000
27.000000
27.000000
52.000000
27.000000
27.000000
27.000000
27.000000
100.000000
27.000000
27.000000
27.000000
27.000000
27.000000
100.000000
27.000000
27.000000
27.000000
27.000000
27.000000
27.000000
27.000000
100.000000
27.000000
100.000000
27.000000
100.000000
100.000000
100.000000
27.000000
100.000000
27.000000
27.000000
27.000000
100.000000
27.000000
27.000000
100.000000
100.000000
100.000000
27.000000
100.000000
100.000000
97.000000
100.000000
27.000000
27.000000
100.000000
100.000000
27.000000
27.000000
100.000000
27.000000
99.000000
50.000000
100.000000
100.000000
100.000000
27.000000
100.000000
100.000000
100.000000
100.000000
27.000000
100.000000
100.000000
27.000000
100.000000
100.000000
27.000000
27.000000
100.000000
27.000000
27.000000
27.000000
100.000000
27.000000
27.000000
27.000000
27.000000
100.000000
100.000000
74.000000
100.000000
100.000000
27.000000
100.000000
27.000000
100.000000
96.000000
96.000000
27.000000
100.000000
100.000000
100.000000
100.000000
27.000000
27.000000
100.000000
27.000000
100.000000
98.000000
27.000000
100.000000
27.000000
27.000000
27.000000
27.000000
100.000000
27.000000
27.000000
27.000000
27.000000
100.000000
98.000000
100.000000
100.000000
27.000000
100.000000
27.000000
27.000000
27.000000
27.000000
27.000000
27.000000
100.000000
100.000000
98.000000
27.000000
100.000000
100.000000
27.000000
99.000000
96.000000
100.000000
100.000000
27.000000
100.000000
99.000000
100.000000
100.000000
98.000000
100.000000
27.000000
100.000000
97.000000
27.000000
100.000000
27.000000
27.000000
100.000000
27.000000
100.000000
27.000000
27.000000
27.000000
100.000000
100.000000
27.000000
27.000000
100.000000
100.000000
27.000000
99.000000
27.000000
100.000000
100.000000
27.000000
100.000000
100.000000
27.000000
27.000000
96.000000
27.000000
27.000000
100.000000
27.000000
27.000000
27.000000
98.000000
27.000000
27.000000
100.000000
100.000000
27.000000
100.000000
27.000000
