31.000000
30.000000
24.000000
27.000000
22.000000
29.000000
31.000000
24.000000
38.000000
24.000000
43.000000
45.000000
22.000000
42.000000
22.000000
22.000000
44.000000
22.000000
45.000000
41.000000
41.000000
40.000000
41.000000
41.000000
41.000000
22.000000
42.000000
40.000000
24.000000
24.000000
24.000000
24.000000
22.000000
22.000000
41.000000
22.000000
22.000000
24.000000
22.000000
24.000000
41.000000
41.000000
41.000000
22.000000
22.000000
40.000000
22.000000
22.000000
22.000000
22.000000
22.000000
41.000000
22.000000
22.000000
41.000000
22.000000
22.000000
22.000000
22.000000
22.000000
22.000000
41.000000
24.000000
42.000000
42.000000
42.000000
42.000000
41.000000
42.000000
42.000000
42.000000
42.000000
42.000000
24.000000
24.000000
41.000000
24.000000
24.000000
24.000000
41.000000
24.000000
24.000000
24.000000
24.000000
41.000000
24.000000
24.000000
24.000000
24.000000
41.000000
24.000000
24.000000
41.000000
24.000000
41.000000
24.000000
42.000000
41.000000
42.000000
42.000000
42.000000
41.000000
41.000000
42.000000
42.000000
42.000000
41.000000
42.000000
42.000000
42.000000
42.000000
41.000000
42.000000
42.000000
41.000000
42.000000
41.000000
42.000000
42.000000
42.000000
42.000000
42.000000
42.000000
41.000000
42.000000
41.000000
42.000000
41.000000
42.000000
41.000000
42.000000
42.000000
42.000000
40.000000
41.000000
41.000000
42.000000
41.000000
42.000000
42.000000
42.000000
42.000000
42.000000
42.000000
42.000000
41.000000
42.000000
41.000000
42.000000
41.000000
42.000000
42.000000
42.000000
42.000000
41.000000
42.000000
41.000000
42.000000
42.000000
42.000000
42.000000
42.000000
42.000000
42.000000
41.000000
41.000000
42.000000
42.000000
42.000000
42.000000
40.000000
42.000000
42.000000
42.000000
42.000000
42.000000
42.000000
41.000000
42.000000
42.000000
42.000000
42.000000
42.000000
41.000000
41.000000
42.000000
42.000000
41.000000
42.000000
42.000000
42.000000
41.000000
42.000000
42.000000
41.000000
42.000000
42.000000
42.000000
42.000000
42.000000
42.000000
42.000000
42.000000
42.000000
41.000000
41.000000
42.000000
41.000000
41.000000
42.000000
41.000000
41.000000
42.000000
42.000000
42.000000
41.000000
41.000000
41.000000
42.000000
41.000000
41.000000
42.000000
42.000000
42.000000
41.000000
42.000000
41.000000
41.000000
41.000000
42.000000
41.000000
41.000000
42.000000
42.000000
41.000000
42.000000
42.000000
42.000000
40.000000
41.000000
41.000000
42.000000
41.000000
41.000000
42.000000
42.000000
41.000000
42.000000
41.000000
42.000000
42.000000
41.000000
42.000000
41.000000
42.000000
42.000000
42.000000
42.000000
42.000000
42.000000
41.000000
42.000000
42.000000
42.000000
41.000000
41.000000
42.000000
42.000000
42.000000
42.000000
41.000000
42.000000
42.000000
41.000000
42.000000
41.000000
42.000000
42.000000
41.000000
42.000000
41.000000
42.000000
42.000000
42.000000
42.000000
41.000000
41.000000
42.000000
42.000000
42.000000
42.000000
41.000000
42.000000
42.000000
41.000000
42.000000
41.000000
41.000000
41.000000
42.000000
