84.000000
45.000000
100.000000
100.000000
40.000000
22.000000
100.000000
100.000000
100.000000
100.000000
100.000000
100.000000
100.000000
100.000000
100.000000
100.000000
100.000000
100.000000
100.000000
100.000000
100.000000
100.000000
100.000000
100.000000
100.000000
100.000000
100.000000
100.000000
100.000000
100.000000
100.000000
100.000000
100.000000
100.000000
100.000000
100.000000
100.000000
100.000000
100.000000
100.000000
100.000000
100.000000
100.000000
100.000000
100.000000
100.000000
100.000000
100.000000
100.000000
100.000000
100.000000
100.000000
100.000000
100.000000
100.000000
100.000000
100.000000
100.000000
100.000000
100.000000
100.000000
100.000000
100.000000
100.000000
100.000000
100.000000
100.000000
100.000000
100.000000
100.000000
100.000000
100.000000
100.000000
100.000000
38.000000
100.000000
100.000000
100.000000
100.000000
100.000000
100.000000
100.000000
100.000000
100.000000
100.000000
100.000000
100.000000
100.000000
100.000000
100.000000
100.000000
100.000000
100.000000
100.000000
100.000000
100.000000
100.000000
38.000000
96.000000
100.000000
100.000000
100.000000
100.000000
100.000000
100.000000
75.000000
100.000000
100.000000
100.000000
100.000000
76.000000
100.000000
40.000000
100.000000
100.000000
100.000000
77.000000
100.000000
100.000000
100.000000
100.000000
100.000000
22.000000
22.000000
79.000000
22.000000
22.000000
22.000000
39.000000
100.000000
60.000000
40.000000
100.000000
100.000000
100.000000
100.000000
22.000000
100.000000
100.000000
22.000000
22.000000
100.000000
100.000000
40.000000
22.000000
100.000000
100.000000
40.000000
78.000000
100.000000
100.000000
40.000000
40.000000
100.000000
77.000000
22.000000
100.000000
100.000000
100.000000
100.000000
100.000000
40.000000
100.000000
40.000000
39.000000
100.000000
100.000000
100.000000
100.000000
89.000000
100.000000
94.000000
46.000000
100.000000
81.000000
22.000000
22.000000
100.000000
100.000000
100.000000
22.000000
100.000000
67.000000
22.000000
22.000000
82.000000
90.000000
58.000000
40.000000
99.000000
71.000000
40.000000
100.000000
22.000000
100.000000
100.000000
100.000000
100.000000
91.000000
40.000000
22.000000
100.000000
58.000000
22.000000
40.000000
22.000000
100.000000
22.000000
100.000000
22.000000
22.000000
100.000000
100.000000
100.000000
100.000000
100.000000
82.000000
100.000000
99.000000
100.000000
100.000000
40.000000
100.000000
100.000000
100.000000
40.000000
100.000000
100.000000
85.000000
40.000000
85.000000
100.000000
83.000000
22.000000
100.000000
100.000000
100.000000
39.000000
100.000000
100.000000
100.000000
100.000000
100.000000
39.000000
100.000000
100.000000
22.000000
22.000000
22.000000
100.000000
100.000000
59.000000
22.000000
100.000000
22.000000
40.000000
100.000000
100.000000
22.000000
39.000000
100.000000
100.000000
100.000000
100.000000
22.000000
100.000000
22.000000
40.000000
100.000000
100.000000
22.000000
100.000000
94.000000
100.000000
100.000000
61.000000
100.000000
100.000000
22.000000
100.000000
22.000000
100.000000
100.000000
100.000000
100.000000
100.000000
100.000000
100.000000
100.000000
100.000000
100.000000
94.000000
100.000000
40.000000
22.000000
22.000000
100.000000
100.000000
100.000000
100.000000
