33.000000
24.000000
24.000000
24.000000
64.000000
24.000000
24.000000
24.000000
24.000000
24.000000
24.000000
44.000000
24.000000
24.000000
87.000000
66.000000
24.000000
100.000000
24.000000
24.000000
100.000000
88.000000
45.000000
24.000000
24.000000
24.000000
24.000000
51.000000
24.000000
89.000000
88.000000
24.000000
90.000000
100.000000
100.000000
100.000000
100.000000
24.000000
24.000000
100.000000
100.000000
100.000000
100.000000
24.000000
100.000000
100.000000
100.000000
100.000000
100.000000
100.000000
100.000000
100.000000
46.000000
24.000000
24.000000
100.000000
24.000000
24.000000
100.000000
100.000000
100.000000
24.000000
100.000000
24.000000
100.000000
24.000000
24.000000
24.000000
24.000000
100.000000
100.000000
100.000000
89.000000
100.000000
100.000000
100.000000
100.000000
98.000000
69.000000
100.000000
24.000000
100.000000
24.000000
100.000000
24.000000
24.000000
100.000000
100.000000
24.000000
24.000000
100.000000
49.000000
24.000000
24.000000
24.000000
24.000000
24.000000
24.000000
24.000000
24.000000
24.000000
24.000000
100.000000
24.000000
24.000000
24.000000
48.000000
24.000000
24.000000
24.000000
24.000000
24.000000
24.000000
24.000000
100.000000
24.000000
24.000000
24.000000
24.000000
24.000000
24.000000
24.000000
100.000000
24.000000
24.000000
100.000000
24.000000
24.000000
24.000000
24.000000
24.000000
24.000000
24.000000
24.000000
24.000000
24.000000
24.000000
24.000000
100.000000
24.000000
24.000000
24.000000
24.000000
24.000000
100.000000
100.000000
88.000000
100.000000
100.000000
100.000000
100.000000
100.000000
100.000000
68.000000
88.000000
100.000000
100.000000
100.000000
100.000000
100.000000
100.000000
68.000000
100.000000
100.000000
100.000000
68.000000
100.000000
