63.000000
100.000000
65.000000
22.000000
40.000000
39.000000
100.000000
100.000000
81.000000
66.000000
24.000000
100.000000
50.000000
46.000000
100.000000
100.000000
100.000000
100.000000
100.000000
100.000000
100.000000
100.000000
100.000000
100.000000
100.000000
100.000000
100.000000
100.000000
100.000000
100.000000
100.000000
100.000000
100.000000
100.000000
100.000000
100.000000
100.000000
100.000000
100.000000
100.000000
100.000000
100.000000
100.000000
100.000000
100.000000
49.000000
100.000000
100.000000
100.000000
100.000000
100.000000
100.000000
100.000000
100.000000
100.000000
100.000000
100.000000
100.000000
100.000000
100.000000
100.000000
100.000000
100.000000
100.000000
100.000000
100.000000
100.000000
100.000000
100.000000
100.000000
100.000000
100.000000
100.000000
100.000000
100.000000
100.000000
100.000000
100.000000
100.000000
100.000000
100.000000
100.000000
100.000000
100.000000
100.000000
100.000000
100.000000
100.000000
100.000000
100.000000
100.000000
100.000000
100.000000
100.000000
100.000000
100.000000
100.000000
100.000000
100.000000
100.000000
100.000000
100.000000
100.000000
100.000000
100.000000
100.000000
100.000000
100.000000
100.000000
100.000000
100.000000
100.000000
100.000000
100.000000
100.000000
100.000000
100.000000
100.000000
100.000000
100.000000
100.000000
100.000000
100.000000
100.000000
100.000000
100.000000
100.000000
100.000000
100.000000
100.000000
100.000000
100.000000
100.000000
100.000000
100.000000
100.000000
100.000000
100.000000
40.000000
100.000000
100.000000
100.000000
100.000000
100.000000
100.000000
100.000000
100.000000
100.000000
100.000000
37.000000
100.000000
100.000000
100.000000
100.000000
100.000000
100.000000
100.000000
100.000000
100.000000
100.000000
100.000000
100.000000
100.000000
100.000000
100.000000
40.000000
100.000000
40.000000
100.000000
100.000000
100.000000
100.000000
100.000000
100.000000
100.000000
100.000000
100.000000
100.000000
100.000000
100.000000
100.000000
100.000000
75.000000
100.000000
100.000000
100.000000
100.000000
100.000000
100.000000
100.000000
100.000000
100.000000
100.000000
59.000000
100.000000
100.000000
87.000000
73.000000
91.000000
100.000000
56.000000
40.000000
100.000000
100.000000
100.000000
39.000000
40.000000
100.000000
100.000000
100.000000
100.000000
37.000000
100.000000
58.000000
40.000000
70.000000
100.000000
100.000000
100.000000
27.000000
58.000000
100.000000
100.000000
100.000000
40.000000
100.000000
100.000000
100.000000
100.000000
100.000000
87.000000
100.000000
100.000000
41.000000
100.000000
100.000000
39.000000
100.000000
100.000000
100.000000
100.000000
100.000000
100.000000
100.000000
100.000000
100.000000
100.000000
40.000000
100.000000
85.000000
100.000000
76.000000
39.000000
100.000000
100.000000
100.000000
100.000000
32.000000
100.000000
40.000000
100.000000
100.000000
100.000000
100.000000
100.000000
100.000000
75.000000
100.000000
100.000000
100.000000
100.000000
100.000000
100.000000
100.000000
100.000000
100.000000
100.000000
55.000000
100.000000
100.000000
100.000000
100.000000
100.000000
100.000000
45.000000
100.000000
39.000000
100.000000
100.000000
100.000000
100.000000
100.000000
100.000000
100.000000
54.000000
93.000000
39.000000
100.000000
100.000000
90.000000
