31.000000
22.000000
22.000000
30.000000
22.000000
22.000000
22.000000
22.000000
22.000000
22.000000
22.000000
22.000000
22.000000
22.000000
22.000000
22.000000
22.000000
22.000000
22.000000
22.000000
22.000000
22.000000
22.000000
22.000000
22.000000
22.000000
22.000000
22.000000
22.000000
22.000000
22.000000
22.000000
22.000000
58.000000
22.000000
22.000000
22.000000
22.000000
22.000000
22.000000
22.000000
22.000000
22.000000
22.000000
22.000000
22.000000
22.000000
22.000000
22.000000
22.000000
22.000000
22.000000
22.000000
22.000000
22.000000
22.000000
22.000000
22.000000
22.000000
22.000000
24.000000
22.000000
22.000000
22.000000
22.000000
22.000000
22.000000
22.000000
22.000000
22.000000
22.000000
22.000000
22.000000
22.000000
22.000000
22.000000
22.000000
22.000000
22.000000
22.000000
22.000000
22.000000
22.000000
22.000000
22.000000
22.000000
22.000000
22.000000
22.000000
22.000000
22.000000
22.000000
22.000000
22.000000
22.000000
22.000000
22.000000
22.000000
22.000000
22.000000
22.000000
27.000000
22.000000
22.000000
22.000000
22.000000
22.000000
22.000000
22.000000
22.000000
22.000000
22.000000
22.000000
22.000000
22.000000
22.000000
22.000000
22.000000
22.000000
22.000000
22.000000
22.000000
22.000000
22.000000
22.000000
22.000000
22.000000
22.000000
22.000000
22.000000
22.000000
22.000000
22.000000
24.000000
22.000000
24.000000
22.000000
22.000000
22.000000
22.000000
22.000000
22.000000
22.000000
22.000000
22.000000
22.000000
22.000000
27.000000
22.000000
22.000000
22.000000
22.000000
22.000000
22.000000
22.000000
22.000000
22.000000
22.000000
22.000000
22.000000
22.000000
22.000000
22.000000
22.000000
22.000000
22.000000
22.000000
22.000000
22.000000
22.000000
22.000000
22.000000
22.000000
22.000000
22.000000
22.000000
22.000000
22.000000
22.000000
22.000000
22.000000
22.000000
22.000000
22.000000
22.000000
22.000000
22.000000
22.000000
22.000000
22.000000
22.000000
22.000000
22.000000
22.000000
22.000000
22.000000
22.000000
22.000000
22.000000
22.000000
22.000000
22.000000
22.000000
22.000000
22.000000
22.000000
22.000000
22.000000
22.000000
22.000000
22.000000
22.000000
22.000000
22.000000
22.000000
22.000000
22.000000
22.000000
22.000000
22.000000
22.000000
22.000000
22.000000
22.000000
22.000000
22.000000
22.000000
22.000000
22.000000
22.000000
22.000000
22.000000
22.000000
22.000000
22.000000
22.000000
22.000000
22.000000
22.000000
22.000000
22.000000
22.000000
22.000000
22.000000
22.000000
22.000000
22.000000
22.000000
22.000000
22.000000
22.000000
22.000000
22.000000
22.000000
22.000000
42.000000
22.000000
22.000000
42.000000
22.000000
22.000000
22.000000
22.000000
22.000000
22.000000
22.000000
22.000000
22.000000
22.000000
22.000000
22.000000
22.000000
22.000000
22.000000
22.000000
22.000000
22.000000
22.000000
22.000000
24.000000
22.000000
24.000000
22.000000
22.000000
22.000000
22.000000
22.000000
22.000000
22.000000
22.000000
22.000000
22.000000
22.000000
22.000000
22.000000
22.000000
22.000000
27.000000
22.000000
22.000000
