75.000000
100.000000
30.000000
24.000000
39.000000
24.000000
30.000000
34.000000
35.000000
31.000000
30.000000
38.000000
36.000000
34.000000
39.000000
30.000000
32.000000
30.000000
39.000000
24.000000
83.000000
30.000000
36.000000
100.000000
100.000000
100.000000
100.000000
100.000000
100.000000
100.000000
100.000000
74.000000
100.000000
100.000000
100.000000
100.000000
100.000000
100.000000
100.000000
100.000000
100.000000
100.000000
100.000000
100.000000
100.000000
100.000000
100.000000
100.000000
100.000000
100.000000
100.000000
100.000000
100.000000
100.000000
82.000000
100.000000
100.000000
100.000000
100.000000
100.000000
100.000000
79.000000
100.000000
100.000000
100.000000
100.000000
100.000000
100.000000
100.000000
100.000000
100.000000
100.000000
100.000000
100.000000
100.000000
100.000000
100.000000
100.000000
100.000000
100.000000
100.000000
100.000000
100.000000
100.000000
100.000000
100.000000
100.000000
100.000000
100.000000
100.000000
100.000000
100.000000
100.000000
100.000000
100.000000
100.000000
100.000000
100.000000
100.000000
100.000000
100.000000
100.000000
100.000000
100.000000
100.000000
100.000000
77.000000
100.000000
100.000000
60.000000
100.000000
100.000000
100.000000
100.000000
