22.000000
22.000000
22.000000
27.000000
36.000000
22.000000
22.000000
22.000000
22.000000
22.000000
22.000000
22.000000
22.000000
27.000000
22.000000
22.000000
22.000000
22.000000
22.000000
24.000000
22.000000
27.000000
22.000000
22.000000
22.000000
22.000000
22.000000
22.000000
22.000000
31.000000
27.000000
22.000000
27.000000
27.000000
27.000000
27.000000
27.000000
27.000000
100.000000
99.000000
47.000000
78.000000
100.000000
100.000000
27.000000
100.000000
27.000000
27.000000
27.000000
27.000000
100.000000
100.000000
27.000000
100.000000
100.000000
27.000000
100.000000
27.000000
100.000000
27.000000
48.000000
27.000000
73.000000
27.000000
27.000000
27.000000
27.000000
27.000000
48.000000
100.000000
27.000000
100.000000
27.000000
27.000000
27.000000
27.000000
100.000000
100.000000
100.000000
48.000000
27.000000
27.000000
100.000000
100.000000
27.000000
100.000000
100.000000
27.000000
100.000000
27.000000
100.000000
100.000000
100.000000
100.000000
73.000000
27.000000
100.000000
27.000000
100.000000
27.000000
27.000000
27.000000
27.000000
27.000000
27.000000
27.000000
27.000000
27.000000
73.000000
27.000000
100.000000
27.000000
27.000000
27.000000
27.000000
27.000000
27.000000
100.000000
27.000000
27.000000
100.000000
27.000000
27.000000
27.000000
27.000000
27.000000
27.000000
100.000000
27.000000
100.000000
99.000000
27.000000
100.000000
100.000000
27.000000
100.000000
100.000000
100.000000
27.000000
100.000000
51.000000
27.000000
27.000000
27.000000
100.000000
99.000000
96.000000
27.000000
100.000000
100.000000
27.000000
27.000000
27.000000
27.000000
100.000000
100.000000
27.000000
51.000000
100.000000
100.000000
27.000000
100.000000
100.000000
100.000000
98.000000
27.000000
100.000000
97.000000
100.000000
97.000000
27.000000
100.000000
98.000000
27.000000
100.000000
50.000000
100.000000
98.000000
27.000000
27.000000
98.000000
98.000000
27.000000
27.000000
27.000000
27.000000
27.000000
27.000000
27.000000
100.000000
27.000000
27.000000
27.000000
27.000000
98.000000
27.000000
27.000000
27.000000
