27.000000
44.000000
100.000000
100.000000
59.000000
100.000000
100.000000
100.000000
100.000000
100.000000
100.000000
100.000000
100.000000
100.000000
100.000000
100.000000
100.000000
100.000000
100.000000
100.000000
100.000000
100.000000
100.000000
100.000000
100.000000
100.000000
100.000000
100.000000
100.000000
100.000000
100.000000
100.000000
100.000000
100.000000
100.000000
100.000000
100.000000
100.000000
100.000000
100.000000
100.000000
100.000000
100.000000
100.000000
100.000000
100.000000
100.000000
100.000000
100.000000
100.000000
100.000000
100.000000
100.000000
100.000000
100.000000
100.000000
100.000000
100.000000
100.000000
100.000000
100.000000
100.000000
100.000000
100.000000
100.000000
100.000000
100.000000
100.000000
100.000000
100.000000
100.000000
100.000000
100.000000
100.000000
100.000000
100.000000
100.000000
100.000000
100.000000
100.000000
100.000000
100.000000
100.000000
100.000000
100.000000
100.000000
100.000000
100.000000
100.000000
100.000000
100.000000
100.000000
100.000000
100.000000
100.000000
100.000000
100.000000
100.000000
100.000000
100.000000
100.000000
100.000000
100.000000
100.000000
100.000000
100.000000
100.000000
100.000000
100.000000
100.000000
100.000000
100.000000
100.000000
100.000000
100.000000
100.000000
100.000000
52.000000
100.000000
100.000000
100.000000
100.000000
100.000000
100.000000
100.000000
100.000000
100.000000
100.000000
100.000000
100.000000
100.000000
100.000000
100.000000
100.000000
100.000000
100.000000
100.000000
100.000000
100.000000
100.000000
100.000000
100.000000
100.000000
100.000000
100.000000
100.000000
100.000000
100.000000
100.000000
100.000000
100.000000
100.000000
100.000000
100.000000
100.000000
100.000000
100.000000
38.000000
100.000000
100.000000
100.000000
100.000000
100.000000
56.000000
34.000000
100.000000
100.000000
100.000000
40.000000
100.000000
100.000000
100.000000
100.000000
37.000000
100.000000
100.000000
100.000000
100.000000
100.000000
40.000000
41.000000
22.000000
62.000000
100.000000
100.000000
100.000000
22.000000
100.000000
100.000000
40.000000
100.000000
100.000000
22.000000
100.000000
100.000000
100.000000
22.000000
60.000000
80.000000
57.000000
100.000000
93.000000
100.000000
100.000000
100.000000
100.000000
100.000000
57.000000
40.000000
77.000000
40.000000
100.000000
62.000000
22.000000
100.000000
60.000000
22.000000
78.000000
79.000000
61.000000
100.000000
22.000000
100.000000
100.000000
100.000000
22.000000
100.000000
22.000000
100.000000
22.000000
100.000000
100.000000
100.000000
100.000000
100.000000
100.000000
22.000000
58.000000
100.000000
100.000000
22.000000
100.000000
22.000000
62.000000
100.000000
82.000000
22.000000
22.000000
100.000000
100.000000
100.000000
61.000000
100.000000
100.000000
100.000000
22.000000
62.000000
100.000000
40.000000
100.000000
62.000000
100.000000
100.000000
22.000000
40.000000
22.000000
40.000000
100.000000
100.000000
40.000000
100.000000
100.000000
22.000000
100.000000
100.000000
22.000000
39.000000
60.000000
100.000000
100.000000
100.000000
100.000000
100.000000
100.000000
22.000000
39.000000
60.000000
100.000000
100.000000
100.000000
76.000000
22.000000
22.000000
100.000000
100.000000
76.000000
79.000000
81.000000
100.000000
22.000000
