22.000000
28.000000
27.000000
28.000000
22.000000
22.000000
100.000000
36.000000
31.000000
31.000000
55.000000
100.000000
100.000000
100.000000
33.000000
32.000000
32.000000
100.000000
100.000000
59.000000
56.000000
32.000000
28.000000
100.000000
100.000000
81.000000
58.000000
69.000000
57.000000
33.000000
83.000000
82.000000
34.000000
58.000000
33.000000
81.000000
55.000000
33.000000
100.000000
33.000000
56.000000
30.000000
30.000000
34.000000
33.000000
54.000000
33.000000
55.000000
30.000000
100.000000
34.000000
30.000000
33.000000
34.000000
33.000000
33.000000
33.000000
33.000000
30.000000
33.000000
56.000000
33.000000
33.000000
32.000000
30.000000
59.000000
34.000000
30.000000
33.000000
34.000000
32.000000
33.000000
33.000000
59.000000
30.000000
58.000000
30.000000
34.000000
32.000000
34.000000
33.000000
34.000000
33.000000
30.000000
33.000000
33.000000
33.000000
30.000000
32.000000
31.000000
34.000000
59.000000
56.000000
59.000000
31.000000
34.000000
34.000000
31.000000
33.000000
34.000000
87.000000
31.000000
30.000000
34.000000
85.000000
34.000000
58.000000
58.000000
33.000000
60.000000
56.000000
33.000000
33.000000
34.000000
83.000000
33.000000
34.000000
57.000000
32.000000
31.000000
59.000000
31.000000
34.000000
58.000000
31.000000
33.000000
33.000000
60.000000
33.000000
33.000000
35.000000
34.000000
34.000000
34.000000
100.000000
100.000000
100.000000
100.000000
100.000000
34.000000
32.000000
34.000000
100.000000
100.000000
100.000000
100.000000
100.000000
82.000000
33.000000
34.000000
60.000000
33.000000
100.000000
60.000000
34.000000
61.000000
85.000000
34.000000
100.000000
100.000000
84.000000
32.000000
84.000000
100.000000
100.000000
58.000000
59.000000
33.000000
59.000000
32.000000
34.000000
34.000000
32.000000
34.000000
83.000000
83.000000
58.000000
34.000000
83.000000
34.000000
100.000000
85.000000
34.000000
85.000000
61.000000
59.000000
84.000000
33.000000
85.000000
33.000000
59.000000
34.000000
58.000000
60.000000
61.000000
35.000000
58.000000
33.000000
59.000000
33.000000
32.000000
100.000000
100.000000
59.000000
33.000000
33.000000
32.000000
100.000000
33.000000
100.000000
33.000000
33.000000
33.000000
58.000000
57.000000
33.000000
83.000000
56.000000
33.000000
60.000000
33.000000
32.000000
33.000000
33.000000
32.000000
33.000000
59.000000
33.000000
33.000000
100.000000
57.000000
32.000000
33.000000
33.000000
58.000000
33.000000
32.000000
33.000000
33.000000
33.000000
33.000000
58.000000
59.000000
35.000000
35.000000
33.000000
61.000000
100.000000
35.000000
34.000000
35.000000
35.000000
34.000000
87.000000
60.000000
60.000000
100.000000
35.000000
35.000000
87.000000
35.000000
35.000000
35.000000
34.000000
87.000000
88.000000
35.000000
35.000000
62.000000
35.000000
34.000000
35.000000
35.000000
35.000000
35.000000
35.000000
60.000000
35.000000
35.000000
33.000000
34.000000
33.000000
33.000000
34.000000
34.000000
58.000000
33.000000
35.000000
35.000000
35.000000
35.000000
35.000000
35.000000
35.000000
59.000000
35.000000
33.000000
33.000000
32.000000
33.000000
