100.000000
27.000000
100.000000
100.000000
27.000000
82.000000
27.000000
27.000000
27.000000
27.000000
27.000000
27.000000
27.000000
27.000000
27.000000
28.000000
27.000000
27.000000
27.000000
27.000000
27.000000
27.000000
27.000000
27.000000
27.000000
28.000000
34.000000
28.000000
28.000000
27.000000
28.000000
27.000000
28.000000
27.000000
27.000000
27.000000
27.000000
27.000000
27.000000
28.000000
27.000000
27.000000
28.000000
27.000000
27.000000
27.000000
27.000000
27.000000
27.000000
27.000000
27.000000
27.000000
36.000000
27.000000
27.000000
28.000000
27.000000
27.000000
27.000000
27.000000
27.000000
27.000000
27.000000
27.000000
27.000000
27.000000
28.000000
27.000000
27.000000
27.000000
27.000000
27.000000
28.000000
27.000000
27.000000
27.000000
28.000000
34.000000
27.000000
27.000000
27.000000
28.000000
27.000000
27.000000
27.000000
34.000000
27.000000
32.000000
31.000000
27.000000
27.000000
49.000000
27.000000
28.000000
27.000000
27.000000
36.000000
28.000000
27.000000
43.000000
27.000000
27.000000
27.000000
27.000000
27.000000
27.000000
28.000000
27.000000
27.000000
27.000000
27.000000
27.000000
27.000000
27.000000
28.000000
28.000000
27.000000
27.000000
27.000000
27.000000
27.000000
27.000000
27.000000
27.000000
28.000000
27.000000
27.000000
27.000000
27.000000
27.000000
27.000000
27.000000
27.000000
27.000000
27.000000
27.000000
27.000000
27.000000
46.000000
27.000000
27.000000
28.000000
27.000000
27.000000
27.000000
27.000000
27.000000
27.000000
41.000000
27.000000
27.000000
27.000000
27.000000
27.000000
27.000000
38.000000
27.000000
28.000000
28.000000
27.000000
33.000000
28.000000
27.000000
27.000000
27.000000
27.000000
27.000000
27.000000
27.000000
27.000000
27.000000
28.000000
27.000000
27.000000
27.000000
64.000000
36.000000
100.000000
100.000000
100.000000
100.000000
100.000000
100.000000
100.000000
100.000000
100.000000
100.000000
27.000000
100.000000
100.000000
100.000000
94.000000
36.000000
100.000000
27.000000
69.000000
36.000000
100.000000
59.000000
28.000000
28.000000
65.000000
27.000000
27.000000
51.000000
27.000000
27.000000
52.000000
36.000000
27.000000
28.000000
27.000000
28.000000
27.000000
28.000000
28.000000
27.000000
27.000000
27.000000
27.000000
27.000000
27.000000
28.000000
28.000000
28.000000
27.000000
27.000000
27.000000
28.000000
27.000000
41.000000
27.000000
27.000000
27.000000
48.000000
27.000000
27.000000
27.000000
27.000000
27.000000
28.000000
27.000000
27.000000
27.000000
27.000000
27.000000
27.000000
27.000000
27.000000
27.000000
27.000000
27.000000
27.000000
27.000000
27.000000
27.000000
27.000000
28.000000
28.000000
28.000000
51.000000
48.000000
27.000000
27.000000
28.000000
38.000000
27.000000
27.000000
27.000000
27.000000
28.000000
28.000000
62.000000
27.000000
27.000000
27.000000
27.000000
27.000000
27.000000
27.000000
27.000000
71.000000
27.000000
27.000000
48.000000
38.000000
36.000000
59.000000
82.000000
42.000000
36.000000
27.000000
44.000000
27.000000
27.000000
27.000000
27.000000
47.000000
27.000000
42.000000
