41.000000
43.000000
24.000000
24.000000
93.000000
100.000000
100.000000
67.000000
96.000000
100.000000
100.000000
45.000000
24.000000
91.000000
24.000000
24.000000
100.000000
24.000000
100.000000
100.000000
100.000000
24.000000
79.000000
24.000000
24.000000
100.000000
100.000000
100.000000
41.000000
24.000000
100.000000
91.000000
100.000000
100.000000
92.000000
47.000000
47.000000
100.000000
90.000000
47.000000
68.000000
100.000000
46.000000
48.000000
100.000000
100.000000
100.000000
47.000000
100.000000
24.000000
100.000000
88.000000
46.000000
100.000000
100.000000
100.000000
47.000000
88.000000
100.000000
88.000000
89.000000
100.000000
46.000000
100.000000
100.000000
100.000000
46.000000
67.000000
88.000000
100.000000
100.000000
100.000000
100.000000
100.000000
100.000000
100.000000
67.000000
100.000000
100.000000
100.000000
100.000000
24.000000
100.000000
24.000000
24.000000
100.000000
100.000000
100.000000
100.000000
24.000000
47.000000
100.000000
100.000000
100.000000
100.000000
100.000000
100.000000
100.000000
91.000000
100.000000
24.000000
93.000000
49.000000
100.000000
100.000000
100.000000
93.000000
100.000000
100.000000
100.000000
90.000000
100.000000
100.000000
25.000000
25.000000
24.000000
100.000000
100.000000
25.000000
100.000000
100.000000
25.000000
25.000000
100.000000
100.000000
49.000000
25.000000
