27.000000
27.000000
27.000000
66.000000
36.000000
27.000000
100.000000
100.000000
100.000000
100.000000
100.000000
100.000000
100.000000
100.000000
100.000000
100.000000
100.000000
100.000000
100.000000
51.000000
56.000000
50.000000
40.000000
100.000000
100.000000
100.000000
100.000000
100.000000
100.000000
100.000000
100.000000
100.000000
100.000000
100.000000
100.000000
100.000000
100.000000
100.000000
100.000000
100.000000
100.000000
100.000000
100.000000
100.000000
100.000000
100.000000
100.000000
100.000000
100.000000
100.000000
100.000000
100.000000
100.000000
100.000000
100.000000
100.000000
100.000000
100.000000
100.000000
100.000000
100.000000
100.000000
100.000000
100.000000
100.000000
100.000000
100.000000
100.000000
100.000000
100.000000
100.000000
100.000000
100.000000
100.000000
100.000000
100.000000
100.000000
100.000000
100.000000
100.000000
100.000000
100.000000
100.000000
100.000000
100.000000
100.000000
100.000000
100.000000
100.000000
100.000000
96.000000
100.000000
100.000000
100.000000
100.000000
100.000000
100.000000
100.000000
100.000000
100.000000
100.000000
100.000000
100.000000
100.000000
100.000000
100.000000
100.000000
100.000000
100.000000
100.000000
100.000000
100.000000
100.000000
100.000000
100.000000
100.000000
100.000000
100.000000
100.000000
100.000000
69.000000
100.000000
68.000000
100.000000
100.000000
100.000000
100.000000
100.000000
100.000000
100.000000
100.000000
100.000000
100.000000
100.000000
100.000000
100.000000
100.000000
100.000000
56.000000
95.000000
100.000000
45.000000
71.000000
100.000000
76.000000
100.000000
27.000000
100.000000
100.000000
96.000000
27.000000
100.000000
74.000000
100.000000
27.000000
100.000000
100.000000
60.000000
48.000000
100.000000
100.000000
100.000000
100.000000
100.000000
27.000000
100.000000
52.000000
100.000000
100.000000
100.000000
100.000000
100.000000
100.000000
100.000000
100.000000
100.000000
100.000000
100.000000
87.000000
100.000000
100.000000
100.000000
100.000000
100.000000
100.000000
73.000000
99.000000
60.000000
50.000000
100.000000
100.000000
76.000000
27.000000
27.000000
66.000000
100.000000
84.000000
42.000000
46.000000
28.000000
76.000000
28.000000
51.000000
46.000000
69.000000
74.000000
100.000000
27.000000
46.000000
36.000000
100.000000
93.000000
36.000000
100.000000
27.000000
27.000000
27.000000
27.000000
27.000000
38.000000
27.000000
42.000000
27.000000
27.000000
92.000000
34.000000
64.000000
36.000000
45.000000
81.000000
36.000000
34.000000
56.000000
27.000000
50.000000
27.000000
100.000000
34.000000
28.000000
46.000000
27.000000
27.000000
27.000000
48.000000
27.000000
27.000000
27.000000
27.000000
48.000000
27.000000
28.000000
27.000000
51.000000
40.000000
27.000000
27.000000
27.000000
27.000000
36.000000
27.000000
51.000000
27.000000
27.000000
27.000000
27.000000
27.000000
27.000000
27.000000
27.000000
27.000000
51.000000
27.000000
39.000000
48.000000
27.000000
27.000000
27.000000
27.000000
27.000000
27.000000
41.000000
27.000000
27.000000
35.000000
27.000000
27.000000
27.000000
27.000000
55.000000
65.000000
27.000000
52.000000
28.000000
27.000000
27.000000
27.000000
27.000000
41.000000
27.000000
45.000000
