46.000000
22.000000
25.000000
47.000000
22.000000
22.000000
24.000000
24.000000
22.000000
22.000000
22.000000
24.000000
22.000000
22.000000
22.000000
22.000000
22.000000
22.000000
24.000000
22.000000
22.000000
24.000000
22.000000
24.000000
24.000000
22.000000
42.000000
22.000000
42.000000
46.000000
22.000000
45.000000
46.000000
45.000000
46.000000
45.000000
45.000000
46.000000
46.000000
22.000000
24.000000
47.000000
22.000000
22.000000
22.000000
47.000000
47.000000
47.000000
47.000000
46.000000
47.000000
22.000000
22.000000
22.000000
47.000000
22.000000
22.000000
22.000000
47.000000
22.000000
47.000000
42.000000
46.000000
22.000000
22.000000
46.000000
22.000000
22.000000
47.000000
22.000000
47.000000
24.000000
45.000000
45.000000
45.000000
45.000000
46.000000
45.000000
45.000000
45.000000
45.000000
45.000000
45.000000
45.000000
46.000000
45.000000
45.000000
45.000000
41.000000
41.000000
41.000000
45.000000
45.000000
45.000000
41.000000
45.000000
41.000000
41.000000
42.000000
41.000000
41.000000
41.000000
41.000000
41.000000
41.000000
41.000000
41.000000
42.000000
41.000000
41.000000
41.000000
41.000000
41.000000
41.000000
41.000000
41.000000
41.000000
41.000000
41.000000
41.000000
41.000000
41.000000
41.000000
42.000000
41.000000
41.000000
41.000000
41.000000
41.000000
41.000000
41.000000
24.000000
41.000000
41.000000
41.000000
41.000000
41.000000
41.000000
41.000000
41.000000
41.000000
41.000000
41.000000
41.000000
41.000000
41.000000
41.000000
41.000000
41.000000
41.000000
41.000000
41.000000
41.000000
41.000000
41.000000
41.000000
41.000000
41.000000
41.000000
41.000000
41.000000
41.000000
41.000000
41.000000
41.000000
41.000000
41.000000
41.000000
42.000000
41.000000
41.000000
41.000000
41.000000
41.000000
41.000000
41.000000
41.000000
41.000000
41.000000
41.000000
41.000000
41.000000
41.000000
41.000000
41.000000
41.000000
24.000000
41.000000
41.000000
41.000000
41.000000
41.000000
41.000000
41.000000
41.000000
41.000000
41.000000
41.000000
41.000000
41.000000
41.000000
41.000000
41.000000
41.000000
41.000000
41.000000
41.000000
41.000000
41.000000
41.000000
41.000000
41.000000
41.000000
41.000000
41.000000
41.000000
41.000000
41.000000
41.000000
41.000000
41.000000
41.000000
41.000000
41.000000
41.000000
41.000000
41.000000
24.000000
24.000000
41.000000
24.000000
41.000000
41.000000
41.000000
41.000000
42.000000
42.000000
41.000000
41.000000
42.000000
42.000000
41.000000
41.000000
41.000000
42.000000
42.000000
41.000000
42.000000
42.000000
41.000000
42.000000
41.000000
42.000000
42.000000
41.000000
42.000000
42.000000
41.000000
41.000000
41.000000
42.000000
42.000000
41.000000
41.000000
42.000000
41.000000
42.000000
42.000000
41.000000
41.000000
41.000000
41.000000
41.000000
42.000000
41.000000
42.000000
42.000000
41.000000
41.000000
41.000000
41.000000
41.000000
41.000000
42.000000
41.000000
41.000000
41.000000
41.000000
41.000000
41.000000
41.000000
41.000000
41.000000
41.000000
41.000000
42.000000
41.000000
41.000000
42.000000
41.000000
