24.000000
100.000000
100.000000
49.000000
100.000000
35.000000
90.000000
40.000000
24.000000
45.000000
45.000000
67.000000
66.000000
45.000000
100.000000
86.000000
100.000000
41.000000
24.000000
24.000000
24.000000
24.000000
24.000000
100.000000
24.000000
100.000000
24.000000
100.000000
100.000000
100.000000
45.000000
24.000000
24.000000
100.000000
100.000000
100.000000
24.000000
100.000000
24.000000
24.000000
24.000000
24.000000
100.000000
100.000000
24.000000
100.000000
100.000000
24.000000
100.000000
100.000000
87.000000
100.000000
100.000000
24.000000
87.000000
24.000000
24.000000
100.000000
24.000000
100.000000
100.000000
100.000000
100.000000
100.000000
100.000000
100.000000
100.000000
100.000000
90.000000
100.000000
100.000000
67.000000
100.000000
100.000000
100.000000
100.000000
100.000000
100.000000
100.000000
100.000000
100.000000
47.000000
100.000000
100.000000
100.000000
48.000000
47.000000
68.000000
67.000000
100.000000
67.000000
100.000000
24.000000
100.000000
100.000000
100.000000
68.000000
100.000000
100.000000
100.000000
100.000000
100.000000
100.000000
100.000000
47.000000
100.000000
100.000000
100.000000
100.000000
100.000000
24.000000
90.000000
100.000000
100.000000
68.000000
47.000000
100.000000
100.000000
100.000000
100.000000
68.000000
47.000000
100.000000
68.000000
100.000000
48.000000
47.000000
100.000000
100.000000
47.000000
100.000000
100.000000
24.000000
100.000000
100.000000
100.000000
100.000000
47.000000
47.000000
47.000000
47.000000
100.000000
48.000000
100.000000
100.000000
100.000000
100.000000
100.000000
100.000000
47.000000
100.000000
47.000000
100.000000
47.000000
