30.000000
25.000000
28.000000
28.000000
24.000000
25.000000
25.000000
97.000000
24.000000
87.000000
100.000000
89.000000
69.000000
69.000000
100.000000
71.000000
100.000000
67.000000
100.000000
24.000000
39.000000
44.000000
24.000000
39.000000
24.000000
100.000000
24.000000
100.000000
65.000000
24.000000
100.000000
45.000000
24.000000
100.000000
100.000000
100.000000
80.000000
100.000000
99.000000
100.000000
41.000000
100.000000
100.000000
100.000000
100.000000
100.000000
100.000000
100.000000
100.000000
99.000000
100.000000
100.000000
51.000000
100.000000
100.000000
100.000000
99.000000
100.000000
100.000000
100.000000
75.000000
100.000000
98.000000
100.000000
100.000000
100.000000
100.000000
76.000000
100.000000
100.000000
100.000000
100.000000
100.000000
100.000000
100.000000
99.000000
79.000000
100.000000
100.000000
76.000000
100.000000
100.000000
100.000000
100.000000
100.000000
100.000000
100.000000
100.000000
100.000000
100.000000
79.000000
100.000000
100.000000
100.000000
100.000000
80.000000
100.000000
100.000000
100.000000
100.000000
100.000000
100.000000
100.000000
99.000000
100.000000
