49.000000
24.000000
24.000000
24.000000
24.000000
24.000000
45.000000
46.000000
24.000000
100.000000
45.000000
24.000000
24.000000
24.000000
24.000000
46.000000
24.000000
24.000000
24.000000
24.000000
24.000000
45.000000
24.000000
24.000000
24.000000
24.000000
24.000000
24.000000
24.000000
24.000000
24.000000
24.000000
24.000000
24.000000
24.000000
24.000000
24.000000
46.000000
24.000000
24.000000
24.000000
24.000000
24.000000
24.000000
24.000000
24.000000
24.000000
24.000000
24.000000
24.000000
24.000000
100.000000
100.000000
69.000000
24.000000
100.000000
47.000000
24.000000
100.000000
24.000000
70.000000
24.000000
24.000000
24.000000
24.000000
24.000000
24.000000
24.000000
24.000000
100.000000
100.000000
24.000000
88.000000
24.000000
100.000000
100.000000
100.000000
48.000000
25.000000
25.000000
25.000000
25.000000
25.000000
100.000000
25.000000
25.000000
25.000000
25.000000
25.000000
25.000000
25.000000
67.000000
91.000000
69.000000
100.000000
100.000000
100.000000
47.000000
24.000000
24.000000
67.000000
100.000000
46.000000
88.000000
67.000000
100.000000
100.000000
100.000000
67.000000
100.000000
100.000000
100.000000
100.000000
91.000000
100.000000
100.000000
100.000000
24.000000
67.000000
88.000000
88.000000
100.000000
88.000000
24.000000
88.000000
100.000000
100.000000
100.000000
100.000000
24.000000
100.000000
100.000000
24.000000
100.000000
100.000000
100.000000
100.000000
100.000000
100.000000
100.000000
100.000000
100.000000
100.000000
100.000000
66.000000
