24.000000
24.000000
22.000000
22.000000
22.000000
22.000000
22.000000
22.000000
22.000000
22.000000
46.000000
24.000000
36.000000
22.000000
22.000000
22.000000
42.000000
22.000000
22.000000
22.000000
22.000000
22.000000
42.000000
22.000000
22.000000
22.000000
22.000000
22.000000
39.000000
42.000000
23.000000
24.000000
22.000000
41.000000
22.000000
22.000000
22.000000
41.000000
41.000000
22.000000
22.000000
22.000000
41.000000
41.000000
24.000000
41.000000
42.000000
42.000000
42.000000
42.000000
41.000000
22.000000
22.000000
41.000000
24.000000
22.000000
41.000000
41.000000
42.000000
41.000000
41.000000
41.000000
22.000000
24.000000
22.000000
22.000000
22.000000
22.000000
24.000000
41.000000
41.000000
24.000000
24.000000
22.000000
22.000000
22.000000
22.000000
42.000000
41.000000
22.000000
42.000000
42.000000
42.000000
42.000000
42.000000
41.000000
22.000000
42.000000
42.000000
42.000000
42.000000
42.000000
42.000000
22.000000
22.000000
22.000000
24.000000
41.000000
22.000000
22.000000
41.000000
24.000000
22.000000
22.000000
24.000000
22.000000
22.000000
41.000000
24.000000
24.000000
24.000000
24.000000
24.000000
24.000000
24.000000
22.000000
41.000000
22.000000
22.000000
42.000000
42.000000
42.000000
42.000000
42.000000
22.000000
22.000000
41.000000
41.000000
22.000000
22.000000
22.000000
41.000000
22.000000
42.000000
41.000000
22.000000
42.000000
22.000000
22.000000
42.000000
42.000000
42.000000
22.000000
42.000000
22.000000
41.000000
42.000000
41.000000
22.000000
42.000000
42.000000
22.000000
22.000000
22.000000
22.000000
42.000000
22.000000
22.000000
22.000000
42.000000
22.000000
22.000000
42.000000
41.000000
22.000000
42.000000
22.000000
41.000000
42.000000
41.000000
42.000000
42.000000
41.000000
22.000000
41.000000
42.000000
42.000000
22.000000
42.000000
37.000000
42.000000
41.000000
42.000000
22.000000
42.000000
42.000000
41.000000
42.000000
42.000000
42.000000
22.000000
41.000000
22.000000
41.000000
22.000000
22.000000
42.000000
22.000000
41.000000
22.000000
42.000000
41.000000
42.000000
42.000000
41.000000
22.000000
22.000000
22.000000
41.000000
22.000000
22.000000
22.000000
41.000000
40.000000
22.000000
22.000000
42.000000
22.000000
22.000000
22.000000
42.000000
42.000000
22.000000
22.000000
41.000000
41.000000
42.000000
41.000000
41.000000
22.000000
22.000000
22.000000
42.000000
42.000000
41.000000
22.000000
22.000000
42.000000
41.000000
42.000000
41.000000
42.000000
22.000000
22.000000
41.000000
22.000000
42.000000
41.000000
41.000000
42.000000
42.000000
42.000000
22.000000
42.000000
22.000000
42.000000
22.000000
41.000000
22.000000
22.000000
42.000000
42.000000
22.000000
22.000000
41.000000
22.000000
22.000000
22.000000
42.000000
41.000000
22.000000
42.000000
42.000000
42.000000
22.000000
22.000000
42.000000
22.000000
22.000000
42.000000
22.000000
22.000000
22.000000
42.000000
22.000000
41.000000
42.000000
41.000000
42.000000
42.000000
42.000000
41.000000
42.000000
41.000000
42.000000
42.000000
42.000000
41.000000
42.000000
42.000000
