45.000000
27.000000
27.000000
51.000000
27.000000
82.000000
86.000000
100.000000
100.000000
100.000000
41.000000
100.000000
100.000000
100.000000
100.000000
100.000000
100.000000
100.000000
53.000000
100.000000
100.000000
100.000000
100.000000
41.000000
100.000000
98.000000
54.000000
100.000000
100.000000
100.000000
100.000000
95.000000
95.000000
100.000000
100.000000
100.000000
79.000000
100.000000
67.000000
100.000000
100.000000
100.000000
100.000000
100.000000
100.000000
80.000000
100.000000
100.000000
100.000000
100.000000
100.000000
100.000000
100.000000
100.000000
100.000000
100.000000
100.000000
100.000000
100.000000
100.000000
100.000000
100.000000
100.000000
100.000000
100.000000
100.000000
100.000000
100.000000
100.000000
100.000000
100.000000
100.000000
100.000000
100.000000
100.000000
77.000000
100.000000
100.000000
100.000000
100.000000
100.000000
100.000000
100.000000
