24.000000
28.000000
87.000000
100.000000
67.000000
100.000000
100.000000
100.000000
66.000000
45.000000
100.000000
100.000000
100.000000
100.000000
100.000000
46.000000
100.000000
100.000000
100.000000
88.000000
67.000000
100.000000
100.000000
100.000000
100.000000
100.000000
100.000000
100.000000
45.000000
100.000000
24.000000
89.000000
90.000000
67.000000
68.000000
100.000000
100.000000
24.000000
100.000000
100.000000
69.000000
100.000000
100.000000
100.000000
100.000000
46.000000
100.000000
100.000000
100.000000
100.000000
24.000000
100.000000
100.000000
68.000000
67.000000
100.000000
88.000000
100.000000
100.000000
100.000000
100.000000
100.000000
100.000000
78.000000
100.000000
100.000000
100.000000
100.000000
69.000000
24.000000
24.000000
100.000000
24.000000
24.000000
100.000000
100.000000
100.000000
100.000000
100.000000
24.000000
100.000000
24.000000
100.000000
88.000000
68.000000
100.000000
93.000000
24.000000
91.000000
100.000000
88.000000
100.000000
67.000000
100.000000
100.000000
100.000000
100.000000
90.000000
100.000000
100.000000
100.000000
100.000000
100.000000
68.000000
100.000000
67.000000
100.000000
100.000000
90.000000
90.000000
100.000000
100.000000
100.000000
100.000000
100.000000
100.000000
100.000000
100.000000
