24.000000
24.000000
24.000000
30.000000
24.000000
22.000000
22.000000
24.000000
22.000000
22.000000
22.000000
22.000000
22.000000
22.000000
22.000000
22.000000
22.000000
24.000000
22.000000
24.000000
24.000000
22.000000
49.000000
27.000000
27.000000
27.000000
27.000000
27.000000
27.000000
27.000000
27.000000
27.000000
27.000000
27.000000
27.000000
27.000000
27.000000
27.000000
27.000000
100.000000
94.000000
94.000000
27.000000
92.000000
27.000000
100.000000
27.000000
27.000000
27.000000
75.000000
49.000000
100.000000
27.000000
73.000000
27.000000
100.000000
27.000000
100.000000
27.000000
100.000000
100.000000
48.000000
48.000000
100.000000
100.000000
100.000000
27.000000
50.000000
100.000000
100.000000
50.000000
100.000000
100.000000
27.000000
100.000000
27.000000
27.000000
50.000000
69.000000
100.000000
100.000000
49.000000
100.000000
99.000000
27.000000
100.000000
27.000000
27.000000
100.000000
94.000000
100.000000
27.000000
100.000000
100.000000
94.000000
100.000000
27.000000
27.000000
27.000000
100.000000
100.000000
27.000000
100.000000
27.000000
27.000000
27.000000
27.000000
100.000000
27.000000
27.000000
100.000000
27.000000
100.000000
27.000000
27.000000
99.000000
27.000000
27.000000
100.000000
100.000000
100.000000
100.000000
100.000000
100.000000
27.000000
100.000000
100.000000
100.000000
100.000000
100.000000
27.000000
100.000000
100.000000
100.000000
27.000000
100.000000
100.000000
100.000000
100.000000
100.000000
27.000000
27.000000
100.000000
27.000000
27.000000
27.000000
100.000000
