65.000000
38.000000
40.000000
27.000000
51.000000
24.000000
24.000000
24.000000
24.000000
24.000000
42.000000
100.000000
100.000000
100.000000
100.000000
100.000000
100.000000
100.000000
51.000000
100.000000
100.000000
100.000000
100.000000
100.000000
100.000000
100.000000
41.000000
100.000000
100.000000
100.000000
100.000000
100.000000
100.000000
100.000000
100.000000
100.000000
100.000000
100.000000
100.000000
100.000000
100.000000
100.000000
100.000000
100.000000
100.000000
100.000000
74.000000
100.000000
100.000000
100.000000
100.000000
100.000000
100.000000
100.000000
100.000000
100.000000
100.000000
100.000000
46.000000
100.000000
99.000000
95.000000
88.000000
100.000000
100.000000
99.000000
60.000000
100.000000
100.000000
100.000000
100.000000
100.000000
99.000000
100.000000
100.000000
100.000000
100.000000
100.000000
100.000000
100.000000
100.000000
100.000000
100.000000
51.000000
100.000000
100.000000
100.000000
100.000000
100.000000
100.000000
100.000000
100.000000
99.000000
100.000000
100.000000
100.000000
28.000000
52.000000
100.000000
100.000000
100.000000
67.000000
90.000000
100.000000
100.000000
100.000000
100.000000
100.000000
