32.000000
22.000000
100.000000
100.000000
100.000000
82.000000
27.000000
37.000000
100.000000
100.000000
100.000000
82.000000
100.000000
100.000000
100.000000
100.000000
100.000000
100.000000
100.000000
100.000000
100.000000
100.000000
100.000000
100.000000
100.000000
100.000000
100.000000
100.000000
100.000000
38.000000
100.000000
24.000000
100.000000
100.000000
98.000000
100.000000
40.000000
100.000000
100.000000
100.000000
28.000000
100.000000
100.000000
100.000000
100.000000
100.000000
100.000000
25.000000
100.000000
100.000000
100.000000
100.000000
100.000000
100.000000
100.000000
100.000000
100.000000
100.000000
100.000000
100.000000
100.000000
100.000000
100.000000
100.000000
100.000000
100.000000
100.000000
100.000000
100.000000
100.000000
100.000000
100.000000
100.000000
100.000000
100.000000
100.000000
100.000000
100.000000
100.000000
100.000000
100.000000
100.000000
100.000000
39.000000
100.000000
100.000000
100.000000
60.000000
100.000000
100.000000
100.000000
100.000000
100.000000
100.000000
100.000000
100.000000
100.000000
100.000000
100.000000
100.000000
100.000000
100.000000
100.000000
88.000000
47.000000
100.000000
100.000000
100.000000
100.000000
100.000000
100.000000
100.000000
75.000000
41.000000
100.000000
100.000000
53.000000
100.000000
100.000000
