22.000000
55.000000
22.000000
100.000000
100.000000
71.000000
72.000000
27.000000
27.000000
27.000000
27.000000
36.000000
27.000000
27.000000
27.000000
27.000000
27.000000
40.000000
27.000000
27.000000
31.000000
27.000000
27.000000
28.000000
27.000000
27.000000
27.000000
46.000000
27.000000
33.000000
28.000000
28.000000
53.000000
28.000000
27.000000
27.000000
27.000000
27.000000
27.000000
27.000000
27.000000
27.000000
27.000000
27.000000
27.000000
27.000000
27.000000
27.000000
27.000000
27.000000
27.000000
27.000000
27.000000
27.000000
27.000000
27.000000
27.000000
32.000000
27.000000
27.000000
27.000000
28.000000
27.000000
27.000000
27.000000
35.000000
27.000000
43.000000
27.000000
27.000000
27.000000
27.000000
27.000000
27.000000
27.000000
27.000000
27.000000
27.000000
27.000000
27.000000
27.000000
27.000000
27.000000
27.000000
27.000000
27.000000
27.000000
27.000000
27.000000
27.000000
27.000000
27.000000
27.000000
27.000000
27.000000
27.000000
27.000000
27.000000
27.000000
27.000000
27.000000
27.000000
27.000000
27.000000
27.000000
27.000000
27.000000
27.000000
27.000000
27.000000
27.000000
27.000000
27.000000
27.000000
27.000000
27.000000
27.000000
27.000000
27.000000
27.000000
27.000000
27.000000
27.000000
27.000000
27.000000
27.000000
27.000000
27.000000
27.000000
27.000000
27.000000
27.000000
27.000000
27.000000
27.000000
27.000000
27.000000
27.000000
27.000000
27.000000
49.000000
27.000000
27.000000
27.000000
39.000000
38.000000
39.000000
27.000000
75.000000
46.000000
32.000000
28.000000
96.000000
27.000000
100.000000
63.000000
36.000000
67.000000
40.000000
44.000000
80.000000
40.000000
67.000000
61.000000
28.000000
27.000000
27.000000
28.000000
27.000000
27.000000
27.000000
27.000000
27.000000
32.000000
27.000000
27.000000
71.000000
50.000000
27.000000
27.000000
27.000000
27.000000
27.000000
27.000000
28.000000
27.000000
27.000000
28.000000
38.000000
28.000000
27.000000
27.000000
27.000000
28.000000
27.000000
27.000000
27.000000
28.000000
27.000000
27.000000
27.000000
27.000000
27.000000
27.000000
27.000000
27.000000
27.000000
27.000000
27.000000
27.000000
27.000000
27.000000
27.000000
27.000000
27.000000
27.000000
27.000000
27.000000
28.000000
28.000000
28.000000
27.000000
28.000000
28.000000
28.000000
28.000000
27.000000
27.000000
28.000000
27.000000
27.000000
27.000000
27.000000
42.000000
72.000000
28.000000
27.000000
27.000000
27.000000
27.000000
28.000000
27.000000
55.000000
40.000000
27.000000
27.000000
27.000000
27.000000
28.000000
27.000000
31.000000
27.000000
27.000000
27.000000
28.000000
27.000000
27.000000
28.000000
27.000000
27.000000
27.000000
27.000000
27.000000
42.000000
28.000000
27.000000
27.000000
47.000000
27.000000
27.000000
27.000000
27.000000
27.000000
27.000000
27.000000
27.000000
27.000000
28.000000
27.000000
28.000000
27.000000
41.000000
27.000000
27.000000
27.000000
27.000000
27.000000
27.000000
55.000000
27.000000
27.000000
27.000000
27.000000
27.000000
28.000000
28.000000
31.000000
27.000000
28.000000
27.000000
