22.000000
27.000000
24.000000
24.000000
24.000000
22.000000
22.000000
22.000000
22.000000
22.000000
22.000000
22.000000
22.000000
22.000000
22.000000
22.000000
22.000000
22.000000
24.000000
27.000000
27.000000
42.000000
27.000000
41.000000
27.000000
22.000000
41.000000
27.000000
27.000000
22.000000
27.000000
27.000000
27.000000
80.000000
100.000000
24.000000
81.000000
100.000000
24.000000
24.000000
100.000000
100.000000
22.000000
100.000000
100.000000
100.000000
100.000000
27.000000
100.000000
73.000000
73.000000
100.000000
100.000000
100.000000
100.000000
100.000000
27.000000
27.000000
71.000000
100.000000
71.000000
27.000000
100.000000
100.000000
100.000000
27.000000
94.000000
100.000000
97.000000
27.000000
100.000000
27.000000
100.000000
27.000000
100.000000
100.000000
100.000000
100.000000
100.000000
100.000000
100.000000
100.000000
100.000000
100.000000
100.000000
27.000000
71.000000
100.000000
100.000000
100.000000
27.000000
100.000000
100.000000
100.000000
100.000000
27.000000
27.000000
100.000000
27.000000
100.000000
27.000000
100.000000
27.000000
27.000000
27.000000
27.000000
100.000000
27.000000
100.000000
27.000000
27.000000
27.000000
100.000000
27.000000
27.000000
100.000000
27.000000
100.000000
100.000000
100.000000
100.000000
100.000000
100.000000
100.000000
27.000000
100.000000
100.000000
27.000000
100.000000
100.000000
100.000000
27.000000
27.000000
27.000000
27.000000
27.000000
27.000000
27.000000
27.000000
100.000000
100.000000
