27.000000
22.000000
22.000000
22.000000
22.000000
22.000000
22.000000
24.000000
27.000000
38.000000
22.000000
22.000000
22.000000
22.000000
22.000000
22.000000
22.000000
22.000000
22.000000
22.000000
22.000000
22.000000
22.000000
22.000000
27.000000
27.000000
27.000000
22.000000
22.000000
22.000000
22.000000
22.000000
27.000000
27.000000
27.000000
27.000000
68.000000
27.000000
27.000000
27.000000
27.000000
100.000000
97.000000
75.000000
27.000000
27.000000
100.000000
27.000000
100.000000
100.000000
27.000000
27.000000
100.000000
100.000000
100.000000
100.000000
27.000000
100.000000
27.000000
27.000000
27.000000
100.000000
100.000000
100.000000
100.000000
73.000000
100.000000
24.000000
100.000000
100.000000
100.000000
100.000000
100.000000
27.000000
100.000000
100.000000
100.000000
27.000000
27.000000
27.000000
100.000000
100.000000
100.000000
100.000000
100.000000
27.000000
100.000000
100.000000
100.000000
71.000000
100.000000
100.000000
100.000000
27.000000
100.000000
27.000000
27.000000
100.000000
100.000000
48.000000
27.000000
100.000000
100.000000
27.000000
100.000000
27.000000
100.000000
27.000000
100.000000
100.000000
100.000000
27.000000
27.000000
100.000000
27.000000
100.000000
100.000000
27.000000
100.000000
27.000000
100.000000
100.000000
27.000000
27.000000
100.000000
27.000000
27.000000
27.000000
100.000000
73.000000
100.000000
27.000000
100.000000
100.000000
100.000000
27.000000
100.000000
100.000000
27.000000
27.000000
27.000000
27.000000
27.000000
100.000000
27.000000
27.000000
100.000000
100.000000
27.000000
27.000000
27.000000
100.000000
27.000000
27.000000
100.000000
27.000000
27.000000
