22.000000
22.000000
22.000000
24.000000
22.000000
22.000000
22.000000
22.000000
27.000000
22.000000
22.000000
22.000000
22.000000
22.000000
22.000000
22.000000
22.000000
22.000000
22.000000
22.000000
22.000000
22.000000
22.000000
22.000000
22.000000
22.000000
22.000000
22.000000
22.000000
27.000000
22.000000
56.000000
100.000000
100.000000
27.000000
27.000000
27.000000
27.000000
27.000000
100.000000
27.000000
27.000000
100.000000
27.000000
74.000000
100.000000
100.000000
91.000000
100.000000
91.000000
27.000000
100.000000
27.000000
27.000000
27.000000
27.000000
27.000000
100.000000
27.000000
100.000000
73.000000
100.000000
100.000000
100.000000
100.000000
100.000000
27.000000
100.000000
27.000000
100.000000
100.000000
100.000000
100.000000
27.000000
100.000000
100.000000
27.000000
27.000000
100.000000
27.000000
100.000000
27.000000
100.000000
27.000000
100.000000
27.000000
100.000000
27.000000
71.000000
27.000000
100.000000
100.000000
100.000000
100.000000
100.000000
100.000000
100.000000
27.000000
100.000000
100.000000
100.000000
27.000000
100.000000
27.000000
100.000000
27.000000
27.000000
48.000000
27.000000
27.000000
27.000000
100.000000
27.000000
27.000000
100.000000
100.000000
27.000000
100.000000
27.000000
27.000000
27.000000
27.000000
100.000000
100.000000
27.000000
27.000000
100.000000
27.000000
100.000000
96.000000
100.000000
27.000000
100.000000
27.000000
27.000000
27.000000
27.000000
100.000000
27.000000
100.000000
100.000000
27.000000
100.000000
100.000000
100.000000
27.000000
100.000000
99.000000
100.000000
97.000000
