22.000000
27.000000
22.000000
52.000000
27.000000
32.000000
31.000000
22.000000
86.000000
32.000000
56.000000
42.000000
75.000000
50.000000
100.000000
56.000000
32.000000
32.000000
58.000000
32.000000
31.000000
52.000000
31.000000
31.000000
31.000000
31.000000
31.000000
29.000000
31.000000
28.000000
53.000000
79.000000
30.000000
100.000000
28.000000
31.000000
32.000000
31.000000
81.000000
31.000000
53.000000
31.000000
31.000000
31.000000
31.000000
55.000000
31.000000
31.000000
55.000000
100.000000
31.000000
100.000000
56.000000
54.000000
79.000000
31.000000
31.000000
79.000000
55.000000
79.000000
100.000000
100.000000
100.000000
100.000000
29.000000
32.000000
100.000000
100.000000
53.000000
100.000000
100.000000
100.000000
32.000000
100.000000
100.000000
81.000000
100.000000
80.000000
32.000000
100.000000
100.000000
100.000000
100.000000
57.000000
79.000000
32.000000
32.000000
31.000000
31.000000
31.000000
79.000000
30.000000
53.000000
30.000000
32.000000
31.000000
55.000000
32.000000
56.000000
57.000000
33.000000
30.000000
32.000000
32.000000
32.000000
32.000000
77.000000
32.000000
32.000000
32.000000
32.000000
32.000000
32.000000
100.000000
32.000000
32.000000
32.000000
30.000000
57.000000
31.000000
30.000000
32.000000
31.000000
31.000000
31.000000
31.000000
29.000000
29.000000
78.000000
31.000000
29.000000
31.000000
31.000000
31.000000
53.000000
56.000000
29.000000
31.000000
31.000000
31.000000
31.000000
31.000000
31.000000
29.000000
31.000000
54.000000
31.000000
56.000000
31.000000
56.000000
80.000000
31.000000
79.000000
32.000000
32.000000
32.000000
29.000000
32.000000
32.000000
31.000000
31.000000
56.000000
31.000000
100.000000
31.000000
55.000000
31.000000
55.000000
29.000000
29.000000
31.000000
31.000000
55.000000
31.000000
56.000000
31.000000
55.000000
56.000000
56.000000
32.000000
32.000000
31.000000
31.000000
32.000000
100.000000
31.000000
53.000000
31.000000
30.000000
31.000000
31.000000
31.000000
32.000000
31.000000
31.000000
31.000000
31.000000
32.000000
32.000000
100.000000
31.000000
56.000000
32.000000
32.000000
56.000000
32.000000
32.000000
31.000000
32.000000
31.000000
31.000000
31.000000
31.000000
56.000000
31.000000
56.000000
31.000000
30.000000
32.000000
55.000000
55.000000
54.000000
31.000000
76.000000
31.000000
78.000000
30.000000
32.000000
100.000000
100.000000
100.000000
100.000000
100.000000
100.000000
100.000000
100.000000
100.000000
100.000000
100.000000
100.000000
56.000000
56.000000
100.000000
100.000000
32.000000
100.000000
32.000000
100.000000
80.000000
100.000000
100.000000
100.000000
100.000000
100.000000
32.000000
100.000000
100.000000
100.000000
57.000000
33.000000
100.000000
100.000000
100.000000
32.000000
82.000000
100.000000
100.000000
33.000000
100.000000
100.000000
100.000000
100.000000
100.000000
100.000000
100.000000
100.000000
33.000000
100.000000
100.000000
100.000000
100.000000
100.000000
100.000000
100.000000
100.000000
100.000000
100.000000
100.000000
100.000000
100.000000
33.000000
33.000000
100.000000
81.000000
33.000000
33.000000
57.000000
100.000000
100.000000
57.000000
