33.000000
24.000000
24.000000
100.000000
100.000000
87.000000
24.000000
100.000000
100.000000
45.000000
100.000000
100.000000
100.000000
100.000000
67.000000
66.000000
100.000000
100.000000
100.000000
100.000000
24.000000
90.000000
100.000000
24.000000
100.000000
100.000000
24.000000
100.000000
100.000000
100.000000
100.000000
24.000000
100.000000
24.000000
100.000000
100.000000
100.000000
24.000000
100.000000
100.000000
24.000000
24.000000
100.000000
24.000000
100.000000
100.000000
100.000000
24.000000
100.000000
100.000000
100.000000
100.000000
100.000000
100.000000
100.000000
100.000000
100.000000
67.000000
100.000000
100.000000
100.000000
100.000000
100.000000
100.000000
38.000000
88.000000
100.000000
100.000000
100.000000
100.000000
100.000000
100.000000
100.000000
89.000000
100.000000
100.000000
100.000000
100.000000
100.000000
24.000000
100.000000
100.000000
49.000000
100.000000
100.000000
100.000000
100.000000
100.000000
89.000000
100.000000
100.000000
100.000000
100.000000
24.000000
100.000000
100.000000
100.000000
100.000000
100.000000
100.000000
100.000000
100.000000
100.000000
100.000000
100.000000
100.000000
100.000000
100.000000
100.000000
100.000000
100.000000
100.000000
100.000000
100.000000
24.000000
100.000000
100.000000
100.000000
100.000000
100.000000
100.000000
100.000000
100.000000
100.000000
100.000000
100.000000
100.000000
100.000000
100.000000
100.000000
100.000000
100.000000
100.000000
100.000000
100.000000
100.000000
100.000000
