30.000000
27.000000
100.000000
100.000000
100.000000
100.000000
52.000000
100.000000
78.000000
75.000000
100.000000
100.000000
62.000000
100.000000
100.000000
100.000000
39.000000
100.000000
100.000000
100.000000
100.000000
100.000000
79.000000
100.000000
34.000000
100.000000
73.000000
73.000000
27.000000
100.000000
100.000000
27.000000
100.000000
100.000000
100.000000
60.000000
100.000000
100.000000
100.000000
100.000000
96.000000
100.000000
100.000000
100.000000
99.000000
51.000000
92.000000
100.000000
100.000000
100.000000
100.000000
100.000000
100.000000
76.000000
100.000000
100.000000
100.000000
100.000000
100.000000
100.000000
100.000000
100.000000
100.000000
75.000000
100.000000
100.000000
100.000000
100.000000
100.000000
99.000000
100.000000
100.000000
98.000000
100.000000
100.000000
28.000000
100.000000
100.000000
100.000000
99.000000
100.000000
100.000000
100.000000
100.000000
99.000000
100.000000
100.000000
100.000000
100.000000
100.000000
100.000000
100.000000
100.000000
100.000000
100.000000
41.000000
100.000000
100.000000
79.000000
100.000000
79.000000
99.000000
100.000000
100.000000
100.000000
100.000000
75.000000
100.000000
100.000000
100.000000
100.000000
100.000000
100.000000
100.000000
100.000000
97.000000
100.000000
100.000000
100.000000
100.000000
100.000000
100.000000
100.000000
100.000000
66.000000
100.000000
75.000000
100.000000
100.000000
100.000000
100.000000
100.000000
100.000000
100.000000
100.000000
