24.000000
27.000000
22.000000
46.000000
22.000000
27.000000
27.000000
22.000000
22.000000
24.000000
22.000000
22.000000
27.000000
22.000000
27.000000
22.000000
27.000000
22.000000
22.000000
27.000000
27.000000
22.000000
27.000000
22.000000
22.000000
22.000000
27.000000
22.000000
22.000000
22.000000
22.000000
22.000000
22.000000
22.000000
99.000000
27.000000
98.000000
27.000000
24.000000
100.000000
27.000000
27.000000
100.000000
24.000000
100.000000
100.000000
100.000000
100.000000
24.000000
27.000000
27.000000
27.000000
27.000000
24.000000
100.000000
27.000000
27.000000
100.000000
72.000000
100.000000
100.000000
27.000000
27.000000
100.000000
27.000000
27.000000
100.000000
96.000000
27.000000
100.000000
27.000000
100.000000
27.000000
100.000000
27.000000
27.000000
100.000000
27.000000
96.000000
27.000000
27.000000
96.000000
100.000000
100.000000
100.000000
27.000000
27.000000
100.000000
27.000000
27.000000
100.000000
100.000000
27.000000
27.000000
27.000000
100.000000
27.000000
100.000000
27.000000
100.000000
27.000000
100.000000
100.000000
100.000000
27.000000
27.000000
27.000000
100.000000
27.000000
27.000000
100.000000
100.000000
27.000000
100.000000
100.000000
100.000000
96.000000
100.000000
27.000000
100.000000
95.000000
96.000000
96.000000
50.000000
100.000000
100.000000
50.000000
100.000000
50.000000
100.000000
100.000000
27.000000
100.000000
100.000000
100.000000
100.000000
100.000000
100.000000
100.000000
100.000000
100.000000
27.000000
50.000000
73.000000
100.000000
100.000000
27.000000
100.000000
100.000000
27.000000
27.000000
100.000000
73.000000
100.000000
99.000000
100.000000
100.000000
100.000000
27.000000
96.000000
100.000000
27.000000
27.000000
100.000000
100.000000
100.000000
100.000000
27.000000
98.000000
100.000000
27.000000
27.000000
27.000000
100.000000
