24.000000
24.000000
24.000000
24.000000
22.000000
22.000000
22.000000
22.000000
22.000000
46.000000
45.000000
22.000000
22.000000
22.000000
22.000000
22.000000
22.000000
22.000000
22.000000
45.000000
44.000000
45.000000
38.000000
22.000000
45.000000
46.000000
45.000000
45.000000
41.000000
22.000000
42.000000
42.000000
42.000000
41.000000
42.000000
41.000000
41.000000
42.000000
41.000000
41.000000
42.000000
42.000000
42.000000
41.000000
42.000000
41.000000
42.000000
45.000000
42.000000
41.000000
42.000000
24.000000
42.000000
42.000000
42.000000
42.000000
42.000000
42.000000
42.000000
42.000000
42.000000
42.000000
42.000000
42.000000
41.000000
41.000000
41.000000
42.000000
42.000000
42.000000
41.000000
41.000000
42.000000
41.000000
42.000000
42.000000
41.000000
41.000000
24.000000
24.000000
36.000000
42.000000
42.000000
24.000000
42.000000
41.000000
41.000000
35.000000
42.000000
42.000000
42.000000
41.000000
42.000000
42.000000
41.000000
41.000000
42.000000
41.000000
41.000000
42.000000
42.000000
42.000000
41.000000
41.000000
42.000000
34.000000
24.000000
24.000000
24.000000
41.000000
41.000000
41.000000
41.000000
41.000000
41.000000
24.000000
41.000000
24.000000
24.000000
41.000000
41.000000
24.000000
24.000000
41.000000
24.000000
41.000000
24.000000
42.000000
42.000000
41.000000
42.000000
41.000000
42.000000
41.000000
24.000000
42.000000
42.000000
41.000000
42.000000
41.000000
41.000000
41.000000
42.000000
42.000000
41.000000
42.000000
42.000000
41.000000
41.000000
41.000000
41.000000
41.000000
41.000000
41.000000
42.000000
42.000000
42.000000
41.000000
42.000000
40.000000
41.000000
41.000000
41.000000
41.000000
42.000000
42.000000
42.000000
42.000000
41.000000
42.000000
41.000000
41.000000
41.000000
42.000000
42.000000
41.000000
41.000000
36.000000
41.000000
41.000000
41.000000
42.000000
41.000000
41.000000
41.000000
41.000000
41.000000
41.000000
41.000000
41.000000
41.000000
41.000000
41.000000
41.000000
41.000000
41.000000
41.000000
41.000000
41.000000
41.000000
41.000000
41.000000
41.000000
41.000000
41.000000
41.000000
41.000000
41.000000
41.000000
41.000000
41.000000
41.000000
41.000000
41.000000
42.000000
41.000000
41.000000
41.000000
41.000000
42.000000
41.000000
41.000000
41.000000
41.000000
41.000000
41.000000
41.000000
41.000000
41.000000
41.000000
41.000000
41.000000
42.000000
41.000000
41.000000
41.000000
41.000000
41.000000
41.000000
41.000000
41.000000
41.000000
41.000000
41.000000
41.000000
41.000000
41.000000
41.000000
41.000000
41.000000
41.000000
41.000000
41.000000
42.000000
41.000000
41.000000
41.000000
41.000000
42.000000
41.000000
41.000000
41.000000
41.000000
41.000000
41.000000
41.000000
41.000000
41.000000
41.000000
41.000000
41.000000
41.000000
42.000000
41.000000
41.000000
41.000000
42.000000
41.000000
41.000000
42.000000
41.000000
41.000000
41.000000
41.000000
41.000000
41.000000
41.000000
41.000000
41.000000
42.000000
41.000000
41.000000
41.000000
41.000000
41.000000
41.000000
41.000000
41.000000
41.000000
42.000000
