41.000000
23.000000
100.000000
100.000000
73.000000
24.000000
67.000000
100.000000
24.000000
24.000000
38.000000
45.000000
24.000000
100.000000
46.000000
100.000000
100.000000
100.000000
100.000000
24.000000
100.000000
100.000000
100.000000
100.000000
49.000000
100.000000
24.000000
100.000000
100.000000
47.000000
67.000000
100.000000
66.000000
88.000000
68.000000
68.000000
67.000000
91.000000
67.000000
67.000000
100.000000
47.000000
91.000000
67.000000
46.000000
100.000000
24.000000
48.000000
47.000000
100.000000
70.000000
100.000000
100.000000
24.000000
100.000000
46.000000
100.000000
67.000000
92.000000
68.000000
100.000000
100.000000
100.000000
100.000000
100.000000
100.000000
100.000000
100.000000
100.000000
100.000000
100.000000
100.000000
100.000000
100.000000
100.000000
100.000000
100.000000
45.000000
100.000000
100.000000
100.000000
100.000000
100.000000
100.000000
100.000000
100.000000
100.000000
100.000000
100.000000
100.000000
100.000000
100.000000
100.000000
100.000000
100.000000
100.000000
100.000000
100.000000
100.000000
100.000000
100.000000
100.000000
100.000000
100.000000
100.000000
