100.000000
82.000000
100.000000
86.000000
24.000000
24.000000
100.000000
22.000000
24.000000
45.000000
100.000000
100.000000
24.000000
24.000000
100.000000
24.000000
24.000000
24.000000
66.000000
100.000000
100.000000
24.000000
24.000000
87.000000
66.000000
100.000000
47.000000
100.000000
100.000000
100.000000
67.000000
100.000000
100.000000
100.000000
100.000000
100.000000
100.000000
100.000000
100.000000
100.000000
47.000000
100.000000
100.000000
100.000000
100.000000
100.000000
100.000000
66.000000
100.000000
100.000000
66.000000
100.000000
100.000000
100.000000
66.000000
90.000000
100.000000
90.000000
90.000000
100.000000
100.000000
100.000000
100.000000
100.000000
69.000000
100.000000
100.000000
100.000000
100.000000
100.000000
100.000000
100.000000
100.000000
100.000000
100.000000
100.000000
100.000000
100.000000
100.000000
100.000000
100.000000
70.000000
100.000000
100.000000
100.000000
100.000000
100.000000
100.000000
100.000000
100.000000
100.000000
100.000000
100.000000
100.000000
100.000000
100.000000
100.000000
100.000000
100.000000
100.000000
100.000000
100.000000
100.000000
100.000000
100.000000
100.000000
100.000000
100.000000
100.000000
100.000000
100.000000
100.000000
100.000000
100.000000
100.000000
