50.000000
23.000000
100.000000
26.000000
47.000000
24.000000
73.000000
69.000000
24.000000
24.000000
69.000000
47.000000
24.000000
24.000000
24.000000
100.000000
100.000000
100.000000
100.000000
45.000000
24.000000
100.000000
100.000000
100.000000
100.000000
100.000000
100.000000
100.000000
100.000000
100.000000
46.000000
83.000000
100.000000
100.000000
100.000000
100.000000
100.000000
100.000000
100.000000
67.000000
100.000000
100.000000
87.000000
100.000000
100.000000
100.000000
45.000000
24.000000
100.000000
88.000000
24.000000
27.000000
25.000000
25.000000
25.000000
24.000000
25.000000
100.000000
24.000000
100.000000
25.000000
100.000000
46.000000
100.000000
100.000000
100.000000
100.000000
100.000000
100.000000
100.000000
100.000000
100.000000
24.000000
100.000000
100.000000
100.000000
100.000000
100.000000
100.000000
100.000000
89.000000
100.000000
88.000000
24.000000
89.000000
100.000000
100.000000
100.000000
100.000000
100.000000
100.000000
100.000000
100.000000
100.000000
88.000000
100.000000
89.000000
100.000000
100.000000
100.000000
100.000000
100.000000
100.000000
70.000000
100.000000
100.000000
24.000000
100.000000
100.000000
100.000000
100.000000
100.000000
100.000000
100.000000
100.000000
100.000000
100.000000
100.000000
100.000000
100.000000
100.000000
100.000000
100.000000
100.000000
100.000000
100.000000
