22.000000
24.000000
22.000000
22.000000
22.000000
22.000000
22.000000
22.000000
22.000000
22.000000
22.000000
22.000000
22.000000
22.000000
22.000000
22.000000
22.000000
22.000000
22.000000
22.000000
24.000000
22.000000
22.000000
22.000000
22.000000
22.000000
22.000000
27.000000
22.000000
22.000000
22.000000
42.000000
22.000000
22.000000
68.000000
50.000000
67.000000
24.000000
24.000000
47.000000
47.000000
24.000000
100.000000
100.000000
24.000000
24.000000
63.000000
100.000000
100.000000
96.000000
100.000000
100.000000
100.000000
97.000000
72.000000
48.000000
100.000000
100.000000
27.000000
27.000000
27.000000
27.000000
100.000000
100.000000
100.000000
100.000000
27.000000
100.000000
100.000000
27.000000
100.000000
100.000000
100.000000
27.000000
27.000000
27.000000
100.000000
100.000000
27.000000
27.000000
100.000000
27.000000
100.000000
27.000000
100.000000
100.000000
27.000000
100.000000
27.000000
27.000000
27.000000
100.000000
100.000000
27.000000
100.000000
100.000000
71.000000
27.000000
27.000000
27.000000
100.000000
100.000000
100.000000
99.000000
27.000000
100.000000
27.000000
27.000000
27.000000
73.000000
100.000000
100.000000
27.000000
27.000000
100.000000
100.000000
100.000000
27.000000
27.000000
27.000000
100.000000
27.000000
27.000000
100.000000
100.000000
27.000000
100.000000
27.000000
27.000000
27.000000
100.000000
27.000000
27.000000
27.000000
27.000000
100.000000
27.000000
100.000000
27.000000
27.000000
27.000000
27.000000
27.000000
27.000000
27.000000
98.000000
52.000000
100.000000
100.000000
100.000000
98.000000
27.000000
100.000000
100.000000
