22.000000
22.000000
22.000000
22.000000
22.000000
33.000000
22.000000
22.000000
22.000000
22.000000
22.000000
22.000000
22.000000
27.000000
24.000000
22.000000
22.000000
22.000000
22.000000
22.000000
22.000000
22.000000
22.000000
22.000000
22.000000
22.000000
22.000000
27.000000
27.000000
27.000000
27.000000
27.000000
27.000000
27.000000
27.000000
22.000000
27.000000
27.000000
27.000000
72.000000
27.000000
27.000000
27.000000
27.000000
27.000000
27.000000
27.000000
27.000000
27.000000
100.000000
27.000000
27.000000
100.000000
27.000000
100.000000
100.000000
24.000000
99.000000
27.000000
27.000000
27.000000
100.000000
27.000000
100.000000
27.000000
24.000000
27.000000
24.000000
27.000000
100.000000
27.000000
100.000000
27.000000
100.000000
100.000000
27.000000
100.000000
100.000000
100.000000
100.000000
100.000000
27.000000
100.000000
27.000000
100.000000
100.000000
27.000000
27.000000
27.000000
100.000000
100.000000
27.000000
27.000000
100.000000
100.000000
100.000000
27.000000
100.000000
100.000000
27.000000
27.000000
100.000000
100.000000
27.000000
100.000000
100.000000
100.000000
27.000000
100.000000
27.000000
27.000000
27.000000
27.000000
75.000000
100.000000
100.000000
100.000000
27.000000
27.000000
27.000000
27.000000
98.000000
100.000000
100.000000
100.000000
99.000000
100.000000
100.000000
100.000000
27.000000
99.000000
27.000000
100.000000
27.000000
98.000000
100.000000
27.000000
100.000000
27.000000
27.000000
99.000000
100.000000
99.000000
27.000000
27.000000
27.000000
100.000000
27.000000
98.000000
98.000000
27.000000
98.000000
27.000000
27.000000
48.000000
27.000000
100.000000
100.000000
98.000000
98.000000
51.000000
100.000000
100.000000
98.000000
99.000000
100.000000
100.000000
100.000000
98.000000
27.000000
27.000000
97.000000
27.000000
100.000000
27.000000
100.000000
98.000000
98.000000
100.000000
27.000000
100.000000
98.000000
