46.000000
22.000000
45.000000
42.000000
40.000000
22.000000
22.000000
22.000000
22.000000
24.000000
100.000000
90.000000
100.000000
68.000000
24.000000
24.000000
24.000000
24.000000
24.000000
24.000000
24.000000
24.000000
100.000000
100.000000
100.000000
24.000000
100.000000
24.000000
68.000000
24.000000
24.000000
24.000000
24.000000
100.000000
24.000000
24.000000
100.000000
24.000000
24.000000
100.000000
24.000000
24.000000
24.000000
24.000000
100.000000
24.000000
91.000000
100.000000
24.000000
100.000000
100.000000
100.000000
24.000000
100.000000
24.000000
88.000000
67.000000
100.000000
100.000000
100.000000
100.000000
67.000000
100.000000
24.000000
24.000000
100.000000
67.000000
100.000000
100.000000
100.000000
88.000000
100.000000
24.000000
68.000000
100.000000
70.000000
67.000000
100.000000
24.000000
100.000000
100.000000
100.000000
100.000000
100.000000
100.000000
100.000000
100.000000
100.000000
100.000000
87.000000
100.000000
100.000000
100.000000
100.000000
100.000000
100.000000
100.000000
100.000000
100.000000
100.000000
24.000000
100.000000
100.000000
100.000000
100.000000
100.000000
67.000000
100.000000
100.000000
100.000000
100.000000
100.000000
100.000000
100.000000
100.000000
24.000000
24.000000
100.000000
100.000000
100.000000
100.000000
24.000000
100.000000
24.000000
24.000000
24.000000
