34.000000
100.000000
28.000000
37.000000
42.000000
42.000000
27.000000
27.000000
27.000000
34.000000
27.000000
28.000000
27.000000
27.000000
48.000000
100.000000
100.000000
100.000000
100.000000
100.000000
100.000000
100.000000
100.000000
100.000000
100.000000
100.000000
100.000000
100.000000
100.000000
100.000000
100.000000
100.000000
100.000000
100.000000
100.000000
80.000000
27.000000
100.000000
100.000000
97.000000
100.000000
100.000000
100.000000
100.000000
44.000000
100.000000
100.000000
100.000000
100.000000
100.000000
46.000000
60.000000
28.000000
28.000000
52.000000
51.000000
28.000000
28.000000
27.000000
27.000000
27.000000
75.000000
27.000000
46.000000
28.000000
28.000000
28.000000
27.000000
27.000000
28.000000
35.000000
35.000000
28.000000
28.000000
28.000000
27.000000
27.000000
28.000000
28.000000
27.000000
28.000000
27.000000
27.000000
27.000000
28.000000
27.000000
28.000000
28.000000
45.000000
27.000000
28.000000
28.000000
27.000000
34.000000
28.000000
28.000000
27.000000
28.000000
27.000000
27.000000
27.000000
27.000000
27.000000
27.000000
27.000000
28.000000
27.000000
27.000000
27.000000
27.000000
27.000000
28.000000
28.000000
27.000000
27.000000
27.000000
27.000000
28.000000
28.000000
27.000000
28.000000
28.000000
28.000000
27.000000
28.000000
27.000000
27.000000
27.000000
27.000000
27.000000
27.000000
28.000000
27.000000
27.000000
28.000000
27.000000
28.000000
28.000000
27.000000
27.000000
28.000000
28.000000
28.000000
27.000000
28.000000
27.000000
27.000000
27.000000
28.000000
28.000000
28.000000
27.000000
27.000000
28.000000
27.000000
27.000000
27.000000
27.000000
27.000000
27.000000
28.000000
28.000000
27.000000
27.000000
27.000000
28.000000
27.000000
28.000000
27.000000
28.000000
28.000000
27.000000
27.000000
27.000000
28.000000
27.000000
28.000000
28.000000
27.000000
27.000000
27.000000
28.000000
28.000000
27.000000
27.000000
27.000000
27.000000
28.000000
27.000000
28.000000
28.000000
40.000000
27.000000
28.000000
28.000000
27.000000
27.000000
28.000000
27.000000
27.000000
27.000000
27.000000
27.000000
28.000000
28.000000
27.000000
27.000000
27.000000
27.000000
27.000000
27.000000
27.000000
28.000000
28.000000
28.000000
28.000000
27.000000
27.000000
28.000000
27.000000
27.000000
28.000000
28.000000
28.000000
28.000000
28.000000
28.000000
27.000000
28.000000
27.000000
28.000000
27.000000
27.000000
27.000000
27.000000
40.000000
27.000000
27.000000
27.000000
28.000000
28.000000
27.000000
27.000000
27.000000
27.000000
28.000000
28.000000
28.000000
28.000000
27.000000
28.000000
28.000000
28.000000
27.000000
27.000000
28.000000
28.000000
46.000000
27.000000
28.000000
27.000000
28.000000
27.000000
27.000000
50.000000
28.000000
27.000000
28.000000
28.000000
27.000000
27.000000
27.000000
27.000000
27.000000
27.000000
27.000000
27.000000
28.000000
28.000000
27.000000
28.000000
28.000000
27.000000
46.000000
28.000000
27.000000
27.000000
27.000000
27.000000
27.000000
27.000000
27.000000
27.000000
28.000000
27.000000
27.000000
27.000000
27.000000
33.000000
28.000000
