33.000000
24.000000
68.000000
24.000000
65.000000
36.000000
33.000000
52.000000
82.000000
45.000000
24.000000
24.000000
24.000000
45.000000
24.000000
24.000000
44.000000
24.000000
24.000000
24.000000
24.000000
24.000000
24.000000
24.000000
24.000000
24.000000
24.000000
46.000000
100.000000
46.000000
100.000000
100.000000
100.000000
100.000000
100.000000
100.000000
100.000000
100.000000
24.000000
100.000000
100.000000
100.000000
100.000000
100.000000
100.000000
100.000000
100.000000
100.000000
100.000000
100.000000
100.000000
100.000000
100.000000
46.000000
100.000000
100.000000
100.000000
100.000000
92.000000
100.000000
100.000000
100.000000
100.000000
100.000000
100.000000
100.000000
100.000000
100.000000
100.000000
100.000000
100.000000
100.000000
100.000000
100.000000
100.000000
100.000000
100.000000
100.000000
100.000000
100.000000
100.000000
100.000000
100.000000
100.000000
25.000000
24.000000
68.000000
25.000000
25.000000
68.000000
25.000000
25.000000
25.000000
67.000000
100.000000
88.000000
67.000000
100.000000
25.000000
25.000000
25.000000
100.000000
25.000000
47.000000
69.000000
100.000000
25.000000
45.000000
100.000000
100.000000
100.000000
100.000000
100.000000
100.000000
100.000000
88.000000
100.000000
100.000000
100.000000
