58.000000
27.000000
27.000000
27.000000
27.000000
27.000000
27.000000
27.000000
27.000000
100.000000
27.000000
38.000000
100.000000
100.000000
100.000000
100.000000
100.000000
100.000000
100.000000
80.000000
40.000000
100.000000
27.000000
100.000000
100.000000
100.000000
100.000000
100.000000
100.000000
100.000000
100.000000
89.000000
100.000000
91.000000
38.000000
95.000000
100.000000
65.000000
27.000000
27.000000
27.000000
49.000000
27.000000
27.000000
27.000000
27.000000
27.000000
27.000000
27.000000
48.000000
27.000000
27.000000
27.000000
28.000000
27.000000
27.000000
45.000000
27.000000
27.000000
27.000000
27.000000
27.000000
27.000000
27.000000
48.000000
43.000000
48.000000
27.000000
27.000000
27.000000
27.000000
27.000000
27.000000
28.000000
60.000000
28.000000
28.000000
27.000000
27.000000
27.000000
27.000000
28.000000
27.000000
28.000000
27.000000
27.000000
27.000000
27.000000
27.000000
27.000000
27.000000
27.000000
27.000000
27.000000
27.000000
27.000000
27.000000
27.000000
27.000000
27.000000
27.000000
28.000000
84.000000
27.000000
27.000000
27.000000
27.000000
27.000000
27.000000
28.000000
27.000000
74.000000
27.000000
27.000000
27.000000
28.000000
27.000000
27.000000
27.000000
33.000000
27.000000
27.000000
28.000000
41.000000
28.000000
42.000000
28.000000
27.000000
28.000000
27.000000
27.000000
27.000000
27.000000
28.000000
27.000000
27.000000
28.000000
28.000000
28.000000
27.000000
27.000000
27.000000
27.000000
28.000000
27.000000
27.000000
28.000000
27.000000
27.000000
27.000000
27.000000
27.000000
28.000000
27.000000
28.000000
27.000000
28.000000
28.000000
27.000000
28.000000
27.000000
27.000000
27.000000
27.000000
28.000000
27.000000
27.000000
27.000000
27.000000
27.000000
27.000000
28.000000
27.000000
28.000000
27.000000
27.000000
27.000000
27.000000
27.000000
27.000000
27.000000
27.000000
27.000000
27.000000
28.000000
27.000000
27.000000
27.000000
27.000000
28.000000
27.000000
27.000000
27.000000
27.000000
28.000000
28.000000
27.000000
27.000000
27.000000
27.000000
27.000000
27.000000
27.000000
27.000000
28.000000
34.000000
28.000000
28.000000
28.000000
27.000000
27.000000
27.000000
28.000000
27.000000
28.000000
27.000000
28.000000
28.000000
27.000000
28.000000
28.000000
28.000000
27.000000
27.000000
27.000000
27.000000
27.000000
27.000000
27.000000
27.000000
28.000000
28.000000
28.000000
34.000000
27.000000
27.000000
27.000000
27.000000
27.000000
41.000000
27.000000
27.000000
27.000000
27.000000
27.000000
27.000000
27.000000
27.000000
27.000000
27.000000
27.000000
27.000000
28.000000
28.000000
27.000000
27.000000
27.000000
27.000000
27.000000
27.000000
28.000000
27.000000
27.000000
27.000000
27.000000
27.000000
34.000000
28.000000
27.000000
27.000000
27.000000
28.000000
27.000000
28.000000
27.000000
27.000000
27.000000
27.000000
27.000000
27.000000
27.000000
27.000000
27.000000
27.000000
28.000000
28.000000
28.000000
27.000000
28.000000
27.000000
27.000000
27.000000
27.000000
27.000000
28.000000
28.000000
27.000000
27.000000
27.000000
27.000000
