24.000000
33.000000
100.000000
100.000000
100.000000
100.000000
100.000000
100.000000
100.000000
100.000000
100.000000
100.000000
100.000000
100.000000
100.000000
100.000000
100.000000
100.000000
100.000000
100.000000
100.000000
100.000000
100.000000
100.000000
100.000000
100.000000
100.000000
100.000000
100.000000
100.000000
100.000000
100.000000
100.000000
100.000000
100.000000
100.000000
100.000000
100.000000
100.000000
100.000000
100.000000
100.000000
100.000000
100.000000
100.000000
100.000000
100.000000
100.000000
100.000000
100.000000
100.000000
100.000000
100.000000
100.000000
100.000000
100.000000
100.000000
100.000000
100.000000
100.000000
100.000000
100.000000
100.000000
100.000000
100.000000
100.000000
100.000000
100.000000
100.000000
100.000000
100.000000
100.000000
100.000000
100.000000
100.000000
100.000000
100.000000
100.000000
100.000000
40.000000
100.000000
100.000000
100.000000
100.000000
100.000000
96.000000
100.000000
100.000000
100.000000
63.000000
83.000000
100.000000
100.000000
100.000000
100.000000
100.000000
41.000000
100.000000
97.000000
100.000000
100.000000
100.000000
100.000000
100.000000
100.000000
100.000000
52.000000
100.000000
22.000000
100.000000
99.000000
100.000000
40.000000
100.000000
22.000000
98.000000
76.000000
94.000000
100.000000
100.000000
100.000000
100.000000
58.000000
22.000000
40.000000
22.000000
100.000000
100.000000
22.000000
40.000000
100.000000
22.000000
40.000000
22.000000
100.000000
22.000000
40.000000
100.000000
22.000000
100.000000
22.000000
100.000000
22.000000
100.000000
100.000000
100.000000
22.000000
100.000000
100.000000
22.000000
100.000000
100.000000
100.000000
100.000000
100.000000
100.000000
22.000000
22.000000
100.000000
22.000000
100.000000
100.000000
100.000000
100.000000
100.000000
92.000000
100.000000
40.000000
100.000000
100.000000
100.000000
40.000000
95.000000
100.000000
100.000000
100.000000
100.000000
100.000000
100.000000
100.000000
100.000000
40.000000
38.000000
100.000000
61.000000
59.000000
40.000000
40.000000
100.000000
56.000000
88.000000
100.000000
100.000000
40.000000
100.000000
100.000000
73.000000
40.000000
100.000000
93.000000
100.000000
100.000000
100.000000
100.000000
100.000000
100.000000
100.000000
91.000000
100.000000
100.000000
100.000000
100.000000
100.000000
100.000000
100.000000
100.000000
100.000000
100.000000
38.000000
100.000000
100.000000
100.000000
100.000000
100.000000
100.000000
100.000000
100.000000
100.000000
100.000000
100.000000
100.000000
100.000000
100.000000
100.000000
100.000000
100.000000
38.000000
100.000000
100.000000
100.000000
100.000000
100.000000
97.000000
100.000000
100.000000
100.000000
100.000000
100.000000
100.000000
100.000000
100.000000
100.000000
100.000000
100.000000
93.000000
100.000000
100.000000
100.000000
100.000000
100.000000
100.000000
100.000000
100.000000
100.000000
100.000000
100.000000
100.000000
100.000000
100.000000
100.000000
100.000000
100.000000
100.000000
100.000000
100.000000
100.000000
100.000000
40.000000
100.000000
100.000000
40.000000
100.000000
100.000000
100.000000
100.000000
39.000000
100.000000
100.000000
100.000000
100.000000
100.000000
100.000000
100.000000
100.000000
100.000000
100.000000
100.000000
40.000000
100.000000
100.000000
