46.000000
74.000000
22.000000
68.000000
45.000000
22.000000
58.000000
81.000000
24.000000
24.000000
100.000000
100.000000
86.000000
24.000000
24.000000
24.000000
66.000000
87.000000
24.000000
24.000000
24.000000
45.000000
24.000000
45.000000
100.000000
66.000000
100.000000
47.000000
87.000000
24.000000
100.000000
100.000000
100.000000
24.000000
100.000000
24.000000
24.000000
100.000000
100.000000
100.000000
100.000000
100.000000
100.000000
67.000000
100.000000
100.000000
100.000000
24.000000
94.000000
100.000000
100.000000
100.000000
24.000000
100.000000
100.000000
100.000000
100.000000
45.000000
100.000000
100.000000
100.000000
100.000000
100.000000
48.000000
100.000000
100.000000
100.000000
100.000000
100.000000
100.000000
100.000000
100.000000
100.000000
100.000000
100.000000
100.000000
100.000000
100.000000
100.000000
100.000000
100.000000
100.000000
100.000000
100.000000
100.000000
100.000000
100.000000
100.000000
100.000000
100.000000
100.000000
100.000000
100.000000
100.000000
100.000000
100.000000
100.000000
100.000000
100.000000
100.000000
24.000000
100.000000
100.000000
100.000000
100.000000
24.000000
24.000000
100.000000
100.000000
100.000000
100.000000
100.000000
100.000000
24.000000
100.000000
100.000000
100.000000
100.000000
100.000000
100.000000
100.000000
100.000000
100.000000
