24.000000
24.000000
64.000000
24.000000
80.000000
100.000000
61.000000
100.000000
100.000000
100.000000
100.000000
100.000000
100.000000
100.000000
100.000000
100.000000
100.000000
100.000000
100.000000
100.000000
100.000000
100.000000
100.000000
100.000000
100.000000
100.000000
100.000000
100.000000
100.000000
100.000000
100.000000
100.000000
100.000000
100.000000
100.000000
100.000000
100.000000
100.000000
100.000000
100.000000
100.000000
100.000000
100.000000
100.000000
100.000000
100.000000
100.000000
100.000000
100.000000
100.000000
100.000000
100.000000
100.000000
100.000000
100.000000
100.000000
100.000000
100.000000
100.000000
100.000000
100.000000
100.000000
100.000000
100.000000
100.000000
100.000000
100.000000
100.000000
100.000000
100.000000
100.000000
100.000000
100.000000
100.000000
100.000000
78.000000
100.000000
100.000000
100.000000
100.000000
100.000000
100.000000
100.000000
100.000000
100.000000
100.000000
100.000000
100.000000
100.000000
100.000000
100.000000
100.000000
100.000000
100.000000
100.000000
100.000000
100.000000
100.000000
100.000000
100.000000
100.000000
100.000000
100.000000
67.000000
100.000000
100.000000
100.000000
100.000000
100.000000
100.000000
100.000000
100.000000
100.000000
100.000000
100.000000
100.000000
100.000000
100.000000
100.000000
100.000000
100.000000
100.000000
100.000000
100.000000
100.000000
100.000000
100.000000
100.000000
100.000000
100.000000
100.000000
100.000000
100.000000
100.000000
100.000000
100.000000
100.000000
70.000000
100.000000
100.000000
100.000000
100.000000
100.000000
100.000000
100.000000
100.000000
100.000000
100.000000
100.000000
100.000000
100.000000
100.000000
100.000000
100.000000
100.000000
100.000000
100.000000
100.000000
40.000000
100.000000
100.000000
100.000000
100.000000
100.000000
40.000000
100.000000
100.000000
100.000000
98.000000
100.000000
100.000000
89.000000
41.000000
100.000000
100.000000
100.000000
100.000000
100.000000
86.000000
100.000000
78.000000
40.000000
100.000000
100.000000
100.000000
22.000000
22.000000
100.000000
22.000000
100.000000
22.000000
99.000000
100.000000
22.000000
78.000000
22.000000
40.000000
100.000000
62.000000
22.000000
22.000000
100.000000
100.000000
58.000000
22.000000
59.000000
40.000000
40.000000
100.000000
100.000000
40.000000
100.000000
100.000000
53.000000
79.000000
100.000000
22.000000
100.000000
59.000000
93.000000
100.000000
100.000000
81.000000
100.000000
40.000000
40.000000
84.000000
100.000000
100.000000
40.000000
100.000000
76.000000
100.000000
100.000000
100.000000
100.000000
33.000000
100.000000
100.000000
98.000000
100.000000
41.000000
100.000000
100.000000
22.000000
100.000000
22.000000
22.000000
97.000000
100.000000
100.000000
22.000000
100.000000
22.000000
22.000000
100.000000
22.000000
22.000000
100.000000
40.000000
40.000000
22.000000
100.000000
55.000000
59.000000
82.000000
100.000000
22.000000
76.000000
100.000000
100.000000
22.000000
100.000000
100.000000
22.000000
40.000000
40.000000
100.000000
58.000000
58.000000
74.000000
100.000000
40.000000
100.000000
22.000000
22.000000
100.000000
100.000000
22.000000
100.000000
22.000000
100.000000
22.000000
22.000000
100.000000
100.000000
39.000000
22.000000
98.000000
22.000000
