46.000000
61.000000
27.000000
51.000000
51.000000
27.000000
34.000000
27.000000
62.000000
36.000000
69.000000
68.000000
27.000000
27.000000
27.000000
83.000000
100.000000
100.000000
30.000000
27.000000
30.000000
27.000000
40.000000
27.000000
27.000000
27.000000
27.000000
27.000000
28.000000
27.000000
59.000000
27.000000
27.000000
35.000000
27.000000
27.000000
27.000000
27.000000
27.000000
34.000000
27.000000
27.000000
27.000000
27.000000
27.000000
27.000000
27.000000
27.000000
27.000000
27.000000
27.000000
27.000000
27.000000
27.000000
27.000000
27.000000
27.000000
27.000000
27.000000
27.000000
27.000000
27.000000
27.000000
27.000000
27.000000
27.000000
27.000000
27.000000
27.000000
27.000000
27.000000
27.000000
27.000000
27.000000
27.000000
27.000000
27.000000
27.000000
27.000000
27.000000
27.000000
27.000000
27.000000
27.000000
27.000000
27.000000
27.000000
27.000000
27.000000
27.000000
27.000000
27.000000
27.000000
27.000000
27.000000
52.000000
27.000000
27.000000
27.000000
27.000000
27.000000
27.000000
27.000000
27.000000
27.000000
27.000000
27.000000
27.000000
27.000000
27.000000
27.000000
27.000000
27.000000
47.000000
27.000000
50.000000
27.000000
27.000000
27.000000
27.000000
27.000000
27.000000
27.000000
27.000000
51.000000
27.000000
53.000000
27.000000
49.000000
27.000000
48.000000
100.000000
27.000000
27.000000
39.000000
27.000000
27.000000
56.000000
100.000000
100.000000
27.000000
100.000000
100.000000
100.000000
47.000000
68.000000
50.000000
27.000000
27.000000
67.000000
47.000000
28.000000
35.000000
27.000000
45.000000
27.000000
95.000000
27.000000
91.000000
67.000000
27.000000
46.000000
28.000000
27.000000
27.000000
64.000000
27.000000
62.000000
27.000000
27.000000
75.000000
99.000000
27.000000
27.000000
27.000000
27.000000
27.000000
27.000000
50.000000
27.000000
51.000000
27.000000
27.000000
27.000000
74.000000
96.000000
27.000000
27.000000
93.000000
27.000000
27.000000
27.000000
27.000000
27.000000
27.000000
27.000000
27.000000
27.000000
27.000000
27.000000
27.000000
27.000000
27.000000
27.000000
27.000000
27.000000
27.000000
27.000000
27.000000
27.000000
51.000000
27.000000
27.000000
51.000000
27.000000
27.000000
27.000000
27.000000
27.000000
27.000000
27.000000
27.000000
27.000000
45.000000
50.000000
27.000000
27.000000
27.000000
27.000000
27.000000
74.000000
27.000000
27.000000
27.000000
27.000000
51.000000
27.000000
27.000000
27.000000
27.000000
27.000000
51.000000
75.000000
27.000000
27.000000
42.000000
27.000000
27.000000
27.000000
27.000000
27.000000
27.000000
27.000000
27.000000
27.000000
75.000000
27.000000
27.000000
27.000000
27.000000
27.000000
27.000000
50.000000
27.000000
27.000000
27.000000
27.000000
27.000000
27.000000
27.000000
27.000000
27.000000
27.000000
27.000000
27.000000
27.000000
27.000000
27.000000
27.000000
27.000000
27.000000
27.000000
67.000000
27.000000
27.000000
27.000000
27.000000
27.000000
27.000000
27.000000
27.000000
27.000000
27.000000
27.000000
27.000000
27.000000
27.000000
27.000000
27.000000
51.000000
