24.000000
38.000000
22.000000
22.000000
100.000000
49.000000
100.000000
45.000000
100.000000
100.000000
24.000000
45.000000
100.000000
100.000000
100.000000
88.000000
100.000000
100.000000
90.000000
100.000000
100.000000
100.000000
100.000000
100.000000
45.000000
100.000000
100.000000
100.000000
24.000000
100.000000
100.000000
100.000000
100.000000
100.000000
100.000000
100.000000
100.000000
100.000000
90.000000
100.000000
100.000000
100.000000
100.000000
100.000000
24.000000
46.000000
100.000000
100.000000
100.000000
45.000000
24.000000
24.000000
69.000000
100.000000
100.000000
100.000000
100.000000
100.000000
24.000000
24.000000
100.000000
100.000000
100.000000
100.000000
100.000000
100.000000
100.000000
24.000000
100.000000
100.000000
100.000000
100.000000
100.000000
100.000000
100.000000
100.000000
100.000000
100.000000
100.000000
100.000000
100.000000
100.000000
100.000000
100.000000
100.000000
100.000000
100.000000
100.000000
100.000000
100.000000
100.000000
100.000000
100.000000
100.000000
100.000000
100.000000
100.000000
100.000000
100.000000
100.000000
100.000000
100.000000
100.000000
100.000000
