27.000000
72.000000
27.000000
27.000000
28.000000
78.000000
27.000000
27.000000
27.000000
27.000000
27.000000
100.000000
39.000000
27.000000
27.000000
27.000000
27.000000
27.000000
27.000000
27.000000
27.000000
27.000000
27.000000
27.000000
27.000000
27.000000
27.000000
27.000000
27.000000
27.000000
27.000000
27.000000
27.000000
27.000000
27.000000
27.000000
27.000000
27.000000
27.000000
27.000000
27.000000
27.000000
27.000000
27.000000
27.000000
27.000000
27.000000
27.000000
27.000000
27.000000
27.000000
27.000000
27.000000
27.000000
27.000000
27.000000
27.000000
27.000000
27.000000
27.000000
27.000000
27.000000
27.000000
27.000000
27.000000
27.000000
27.000000
27.000000
27.000000
27.000000
27.000000
27.000000
27.000000
27.000000
27.000000
27.000000
27.000000
27.000000
27.000000
27.000000
27.000000
27.000000
27.000000
27.000000
27.000000
27.000000
27.000000
27.000000
27.000000
27.000000
27.000000
27.000000
27.000000
27.000000
27.000000
27.000000
27.000000
27.000000
27.000000
27.000000
27.000000
27.000000
27.000000
27.000000
27.000000
27.000000
27.000000
27.000000
27.000000
27.000000
27.000000
27.000000
27.000000
27.000000
27.000000
27.000000
27.000000
27.000000
27.000000
27.000000
27.000000
27.000000
27.000000
27.000000
27.000000
27.000000
27.000000
27.000000
27.000000
27.000000
27.000000
27.000000
27.000000
27.000000
27.000000
27.000000
27.000000
27.000000
27.000000
27.000000
27.000000
27.000000
27.000000
27.000000
27.000000
27.000000
27.000000
27.000000
27.000000
27.000000
27.000000
27.000000
27.000000
27.000000
27.000000
27.000000
27.000000
27.000000
27.000000
27.000000
27.000000
27.000000
27.000000
27.000000
27.000000
27.000000
27.000000
27.000000
27.000000
27.000000
27.000000
27.000000
27.000000
27.000000
27.000000
27.000000
27.000000
27.000000
27.000000
27.000000
27.000000
27.000000
27.000000
27.000000
27.000000
27.000000
27.000000
27.000000
27.000000
27.000000
27.000000
27.000000
27.000000
27.000000
27.000000
27.000000
27.000000
27.000000
27.000000
27.000000
27.000000
27.000000
27.000000
27.000000
27.000000
27.000000
27.000000
27.000000
27.000000
27.000000
27.000000
27.000000
27.000000
27.000000
27.000000
27.000000
27.000000
27.000000
27.000000
27.000000
27.000000
27.000000
27.000000
27.000000
27.000000
27.000000
27.000000
27.000000
27.000000
27.000000
27.000000
27.000000
27.000000
27.000000
27.000000
27.000000
27.000000
27.000000
27.000000
27.000000
27.000000
27.000000
27.000000
27.000000
27.000000
27.000000
27.000000
27.000000
27.000000
27.000000
27.000000
27.000000
27.000000
27.000000
27.000000
27.000000
27.000000
27.000000
27.000000
27.000000
27.000000
27.000000
27.000000
27.000000
27.000000
27.000000
27.000000
27.000000
27.000000
27.000000
27.000000
27.000000
27.000000
27.000000
27.000000
27.000000
27.000000
27.000000
27.000000
27.000000
27.000000
27.000000
27.000000
27.000000
27.000000
27.000000
27.000000
27.000000
27.000000
27.000000
27.000000
27.000000
27.000000
27.000000
27.000000
27.000000
27.000000
27.000000
27.000000
27.000000
