32.000000
44.000000
27.000000
27.000000
27.000000
36.000000
28.000000
28.000000
27.000000
27.000000
28.000000
27.000000
27.000000
27.000000
27.000000
28.000000
28.000000
28.000000
100.000000
100.000000
100.000000
100.000000
100.000000
57.000000
100.000000
34.000000
100.000000
50.000000
51.000000
39.000000
48.000000
27.000000
51.000000
100.000000
100.000000
48.000000
100.000000
66.000000
27.000000
27.000000
27.000000
27.000000
27.000000
27.000000
27.000000
27.000000
27.000000
27.000000
27.000000
27.000000
27.000000
27.000000
27.000000
75.000000
27.000000
27.000000
27.000000
27.000000
27.000000
27.000000
51.000000
27.000000
27.000000
51.000000
27.000000
45.000000
91.000000
27.000000
95.000000
76.000000
27.000000
27.000000
27.000000
27.000000
50.000000
51.000000
27.000000
28.000000
27.000000
27.000000
27.000000
51.000000
27.000000
27.000000
27.000000
27.000000
27.000000
27.000000
27.000000
27.000000
27.000000
27.000000
51.000000
27.000000
27.000000
27.000000
27.000000
27.000000
51.000000
27.000000
51.000000
27.000000
27.000000
27.000000
27.000000
27.000000
27.000000
27.000000
27.000000
27.000000
27.000000
27.000000
27.000000
27.000000
27.000000
27.000000
27.000000
27.000000
27.000000
27.000000
50.000000
27.000000
27.000000
27.000000
27.000000
27.000000
27.000000
27.000000
27.000000
51.000000
27.000000
27.000000
27.000000
27.000000
27.000000
27.000000
28.000000
27.000000
27.000000
27.000000
27.000000
51.000000
27.000000
27.000000
52.000000
51.000000
51.000000
27.000000
27.000000
27.000000
51.000000
27.000000
27.000000
27.000000
27.000000
27.000000
27.000000
27.000000
27.000000
27.000000
27.000000
27.000000
27.000000
27.000000
27.000000
27.000000
27.000000
27.000000
27.000000
27.000000
27.000000
27.000000
27.000000
27.000000
27.000000
27.000000
27.000000
27.000000
27.000000
27.000000
27.000000
27.000000
27.000000
27.000000
27.000000
27.000000
27.000000
28.000000
27.000000
27.000000
27.000000
51.000000
27.000000
28.000000
27.000000
27.000000
27.000000
27.000000
75.000000
27.000000
27.000000
27.000000
27.000000
75.000000
27.000000
27.000000
27.000000
27.000000
27.000000
27.000000
27.000000
27.000000
27.000000
27.000000
27.000000
27.000000
27.000000
57.000000
27.000000
27.000000
61.000000
27.000000
38.000000
27.000000
27.000000
44.000000
27.000000
27.000000
27.000000
27.000000
27.000000
51.000000
51.000000
27.000000
27.000000
51.000000
27.000000
27.000000
27.000000
27.000000
27.000000
28.000000
27.000000
27.000000
28.000000
27.000000
27.000000
27.000000
27.000000
27.000000
27.000000
27.000000
27.000000
27.000000
27.000000
27.000000
28.000000
27.000000
27.000000
27.000000
28.000000
27.000000
51.000000
27.000000
28.000000
27.000000
27.000000
27.000000
27.000000
27.000000
27.000000
27.000000
27.000000
27.000000
27.000000
27.000000
31.000000
27.000000
36.000000
27.000000
70.000000
28.000000
36.000000
27.000000
41.000000
27.000000
100.000000
83.000000
27.000000
55.000000
27.000000
100.000000
53.000000
40.000000
89.000000
27.000000
70.000000
39.000000
60.000000
100.000000
