37.000000
100.000000
100.000000
100.000000
100.000000
100.000000
100.000000
87.000000
43.000000
100.000000
100.000000
100.000000
100.000000
100.000000
100.000000
100.000000
100.000000
100.000000
100.000000
100.000000
100.000000
100.000000
100.000000
100.000000
100.000000
100.000000
100.000000
100.000000
100.000000
100.000000
100.000000
100.000000
100.000000
76.000000
100.000000
22.000000
100.000000
40.000000
77.000000
100.000000
100.000000
55.000000
100.000000
100.000000
100.000000
100.000000
100.000000
100.000000
100.000000
100.000000
100.000000
100.000000
100.000000
100.000000
100.000000
100.000000
100.000000
100.000000
100.000000
100.000000
100.000000
100.000000
100.000000
100.000000
100.000000
100.000000
100.000000
100.000000
100.000000
100.000000
100.000000
100.000000
43.000000
100.000000
100.000000
100.000000
100.000000
100.000000
100.000000
41.000000
100.000000
90.000000
100.000000
100.000000
100.000000
100.000000
100.000000
100.000000
100.000000
100.000000
100.000000
95.000000
76.000000
100.000000
100.000000
40.000000
100.000000
58.000000
100.000000
100.000000
100.000000
100.000000
40.000000
22.000000
100.000000
100.000000
40.000000
40.000000
100.000000
58.000000
58.000000
100.000000
84.000000
100.000000
100.000000
100.000000
100.000000
100.000000
40.000000
40.000000
100.000000
74.000000
100.000000
22.000000
100.000000
39.000000
78.000000
39.000000
100.000000
100.000000
98.000000
100.000000
94.000000
84.000000
100.000000
58.000000
100.000000
100.000000
100.000000
100.000000
98.000000
100.000000
100.000000
100.000000
100.000000
65.000000
100.000000
100.000000
100.000000
100.000000
100.000000
100.000000
41.000000
100.000000
100.000000
100.000000
96.000000
100.000000
100.000000
100.000000
100.000000
22.000000
22.000000
100.000000
100.000000
100.000000
100.000000
54.000000
100.000000
100.000000
100.000000
75.000000
100.000000
100.000000
100.000000
77.000000
100.000000
60.000000
99.000000
100.000000
100.000000
100.000000
100.000000
100.000000
100.000000
100.000000
100.000000
62.000000
100.000000
100.000000
100.000000
100.000000
100.000000
100.000000
100.000000
100.000000
100.000000
100.000000
100.000000
100.000000
49.000000
100.000000
100.000000
100.000000
100.000000
74.000000
100.000000
41.000000
100.000000
39.000000
87.000000
75.000000
100.000000
100.000000
39.000000
100.000000
100.000000
40.000000
100.000000
41.000000
100.000000
100.000000
100.000000
100.000000
58.000000
100.000000
100.000000
62.000000
40.000000
100.000000
100.000000
74.000000
100.000000
74.000000
100.000000
100.000000
100.000000
100.000000
58.000000
100.000000
100.000000
100.000000
100.000000
100.000000
57.000000
100.000000
100.000000
100.000000
100.000000
100.000000
100.000000
100.000000
100.000000
100.000000
40.000000
100.000000
38.000000
100.000000
100.000000
100.000000
100.000000
94.000000
58.000000
100.000000
100.000000
100.000000
22.000000
79.000000
100.000000
100.000000
100.000000
100.000000
40.000000
100.000000
100.000000
38.000000
100.000000
40.000000
100.000000
22.000000
100.000000
100.000000
22.000000
100.000000
76.000000
54.000000
100.000000
100.000000
100.000000
100.000000
100.000000
22.000000
100.000000
100.000000
22.000000
100.000000
100.000000
22.000000
56.000000
40.000000
