24.000000
94.000000
100.000000
100.000000
100.000000
100.000000
76.000000
100.000000
100.000000
100.000000
86.000000
82.000000
100.000000
100.000000
100.000000
100.000000
100.000000
100.000000
99.000000
22.000000
22.000000
22.000000
22.000000
100.000000
100.000000
100.000000
100.000000
79.000000
63.000000
43.000000
100.000000
100.000000
100.000000
82.000000
100.000000
100.000000
100.000000
100.000000
100.000000
100.000000
100.000000
100.000000
100.000000
100.000000
100.000000
100.000000
100.000000
100.000000
100.000000
100.000000
100.000000
100.000000
100.000000
100.000000
100.000000
100.000000
41.000000
100.000000
100.000000
100.000000
100.000000
100.000000
100.000000
100.000000
100.000000
100.000000
100.000000
100.000000
100.000000
100.000000
100.000000
100.000000
100.000000
100.000000
100.000000
100.000000
100.000000
100.000000
100.000000
100.000000
100.000000
100.000000
100.000000
100.000000
100.000000
100.000000
100.000000
100.000000
100.000000
100.000000
100.000000
100.000000
100.000000
100.000000
100.000000
100.000000
100.000000
100.000000
100.000000
100.000000
100.000000
100.000000
100.000000
100.000000
100.000000
100.000000
100.000000
100.000000
100.000000
100.000000
100.000000
100.000000
100.000000
100.000000
100.000000
100.000000
100.000000
100.000000
100.000000
100.000000
100.000000
100.000000
100.000000
100.000000
100.000000
100.000000
100.000000
100.000000
100.000000
100.000000
100.000000
100.000000
100.000000
100.000000
100.000000
100.000000
100.000000
100.000000
40.000000
100.000000
100.000000
100.000000
100.000000
100.000000
100.000000
100.000000
100.000000
100.000000
100.000000
100.000000
100.000000
100.000000
100.000000
100.000000
100.000000
100.000000
100.000000
100.000000
100.000000
100.000000
100.000000
100.000000
100.000000
100.000000
100.000000
87.000000
100.000000
100.000000
100.000000
60.000000
100.000000
100.000000
100.000000
100.000000
100.000000
100.000000
100.000000
100.000000
100.000000
100.000000
100.000000
100.000000
100.000000
58.000000
100.000000
100.000000
80.000000
100.000000
100.000000
52.000000
100.000000
100.000000
100.000000
100.000000
100.000000
100.000000
100.000000
100.000000
100.000000
100.000000
40.000000
97.000000
100.000000
62.000000
100.000000
100.000000
100.000000
100.000000
100.000000
100.000000
100.000000
59.000000
100.000000
100.000000
100.000000
96.000000
100.000000
100.000000
100.000000
95.000000
100.000000
100.000000
100.000000
100.000000
100.000000
100.000000
100.000000
100.000000
99.000000
80.000000
100.000000
100.000000
100.000000
100.000000
100.000000
100.000000
100.000000
100.000000
100.000000
100.000000
100.000000
100.000000
100.000000
100.000000
37.000000
100.000000
100.000000
100.000000
100.000000
95.000000
100.000000
100.000000
100.000000
100.000000
100.000000
22.000000
100.000000
22.000000
22.000000
100.000000
100.000000
22.000000
22.000000
22.000000
22.000000
100.000000
100.000000
22.000000
22.000000
22.000000
22.000000
100.000000
22.000000
22.000000
22.000000
22.000000
100.000000
22.000000
22.000000
100.000000
22.000000
22.000000
22.000000
22.000000
22.000000
22.000000
22.000000
22.000000
22.000000
22.000000
100.000000
22.000000
22.000000
22.000000
22.000000
22.000000
22.000000
22.000000
22.000000
22.000000
