27.000000
60.000000
55.000000
100.000000
100.000000
100.000000
100.000000
100.000000
100.000000
100.000000
52.000000
100.000000
100.000000
100.000000
100.000000
100.000000
100.000000
100.000000
100.000000
100.000000
100.000000
100.000000
100.000000
100.000000
100.000000
100.000000
100.000000
100.000000
100.000000
100.000000
100.000000
100.000000
100.000000
100.000000
100.000000
100.000000
100.000000
100.000000
100.000000
100.000000
100.000000
100.000000
100.000000
100.000000
100.000000
100.000000
100.000000
100.000000
100.000000
61.000000
100.000000
100.000000
100.000000
100.000000
100.000000
100.000000
100.000000
100.000000
100.000000
100.000000
100.000000
100.000000
100.000000
100.000000
100.000000
100.000000
100.000000
100.000000
100.000000
100.000000
100.000000
100.000000
100.000000
100.000000
100.000000
100.000000
100.000000
100.000000
100.000000
100.000000
100.000000
100.000000
100.000000
100.000000
100.000000
100.000000
100.000000
100.000000
100.000000
100.000000
100.000000
100.000000
37.000000
100.000000
100.000000
100.000000
40.000000
100.000000
100.000000
100.000000
100.000000
100.000000
72.000000
100.000000
100.000000
100.000000
100.000000
100.000000
100.000000
76.000000
58.000000
75.000000
100.000000
100.000000
100.000000
83.000000
100.000000
100.000000
100.000000
100.000000
40.000000
100.000000
100.000000
59.000000
100.000000
40.000000
22.000000
40.000000
100.000000
82.000000
22.000000
22.000000
100.000000
100.000000
100.000000
100.000000
100.000000
100.000000
100.000000
100.000000
56.000000
100.000000
94.000000
100.000000
100.000000
100.000000
100.000000
40.000000
100.000000
100.000000
41.000000
100.000000
100.000000
100.000000
40.000000
70.000000
100.000000
100.000000
40.000000
100.000000
100.000000
100.000000
93.000000
100.000000
73.000000
100.000000
100.000000
100.000000
88.000000
100.000000
41.000000
100.000000
100.000000
100.000000
100.000000
76.000000
40.000000
100.000000
100.000000
100.000000
100.000000
100.000000
66.000000
100.000000
22.000000
100.000000
38.000000
60.000000
100.000000
91.000000
73.000000
100.000000
82.000000
100.000000
100.000000
100.000000
100.000000
100.000000
100.000000
100.000000
100.000000
83.000000
100.000000
40.000000
70.000000
100.000000
100.000000
100.000000
100.000000
100.000000
100.000000
38.000000
100.000000
56.000000
82.000000
100.000000
100.000000
40.000000
100.000000
100.000000
100.000000
100.000000
100.000000
100.000000
100.000000
100.000000
100.000000
100.000000
90.000000
100.000000
100.000000
74.000000
100.000000
100.000000
100.000000
41.000000
58.000000
100.000000
100.000000
40.000000
41.000000
92.000000
90.000000
76.000000
88.000000
100.000000
55.000000
100.000000
100.000000
100.000000
100.000000
100.000000
89.000000
100.000000
100.000000
100.000000
69.000000
40.000000
39.000000
100.000000
100.000000
100.000000
100.000000
52.000000
100.000000
100.000000
100.000000
100.000000
40.000000
100.000000
40.000000
100.000000
82.000000
100.000000
100.000000
100.000000
100.000000
89.000000
100.000000
77.000000
100.000000
100.000000
38.000000
100.000000
100.000000
100.000000
100.000000
100.000000
100.000000
100.000000
100.000000
39.000000
100.000000
100.000000
100.000000
100.000000
100.000000
69.000000
100.000000
100.000000
