24.000000
78.000000
24.000000
24.000000
45.000000
66.000000
24.000000
24.000000
24.000000
51.000000
68.000000
60.000000
35.000000
24.000000
24.000000
46.000000
57.000000
24.000000
100.000000
55.000000
66.000000
100.000000
100.000000
100.000000
100.000000
66.000000
100.000000
67.000000
89.000000
100.000000
100.000000
67.000000
47.000000
67.000000
100.000000
47.000000
67.000000
100.000000
100.000000
100.000000
87.000000
100.000000
100.000000
100.000000
100.000000
100.000000
100.000000
100.000000
69.000000
46.000000
46.000000
100.000000
100.000000
100.000000
100.000000
100.000000
100.000000
100.000000
24.000000
100.000000
100.000000
100.000000
100.000000
100.000000
100.000000
69.000000
100.000000
47.000000
46.000000
89.000000
100.000000
47.000000
47.000000
24.000000
47.000000
47.000000
47.000000
100.000000
24.000000
100.000000
67.000000
100.000000
100.000000
68.000000
100.000000
100.000000
100.000000
100.000000
24.000000
100.000000
100.000000
100.000000
100.000000
100.000000
100.000000
100.000000
100.000000
100.000000
100.000000
100.000000
100.000000
100.000000
100.000000
100.000000
67.000000
