24.000000
29.000000
36.000000
75.000000
27.000000
51.000000
31.000000
29.000000
30.000000
29.000000
65.000000
30.000000
31.000000
31.000000
30.000000
31.000000
31.000000
31.000000
31.000000
30.000000
30.000000
30.000000
28.000000
30.000000
30.000000
28.000000
30.000000
30.000000
29.000000
29.000000
28.000000
28.000000
31.000000
31.000000
55.000000
54.000000
30.000000
30.000000
81.000000
32.000000
33.000000
32.000000
32.000000
100.000000
32.000000
56.000000
28.000000
29.000000
33.000000
32.000000
56.000000
31.000000
80.000000
55.000000
31.000000
55.000000
57.000000
56.000000
52.000000
32.000000
31.000000
56.000000
31.000000
31.000000
56.000000
31.000000
53.000000
31.000000
56.000000
28.000000
55.000000
31.000000
55.000000
54.000000
100.000000
100.000000
31.000000
55.000000
30.000000
30.000000
30.000000
54.000000
28.000000
30.000000
100.000000
79.000000
80.000000
31.000000
29.000000
55.000000
28.000000
31.000000
31.000000
29.000000
31.000000
31.000000
31.000000
55.000000
31.000000
31.000000
31.000000
56.000000
31.000000
31.000000
30.000000
28.000000
31.000000
55.000000
30.000000
28.000000
29.000000
55.000000
55.000000
30.000000
52.000000
55.000000
29.000000
31.000000
30.000000
31.000000
31.000000
31.000000
31.000000
31.000000
100.000000
54.000000
30.000000
29.000000
100.000000
100.000000
100.000000
100.000000
100.000000
100.000000
100.000000
79.000000
31.000000
100.000000
56.000000
29.000000
31.000000
29.000000
31.000000
100.000000
100.000000
100.000000
100.000000
100.000000
100.000000
100.000000
100.000000
100.000000
100.000000
100.000000
100.000000
100.000000
100.000000
100.000000
100.000000
100.000000
100.000000
100.000000
100.000000
100.000000
83.000000
100.000000
100.000000
100.000000
100.000000
100.000000
87.000000
100.000000
100.000000
100.000000
34.000000
100.000000
100.000000
100.000000
100.000000
100.000000
34.000000
100.000000
100.000000
100.000000
100.000000
100.000000
100.000000
100.000000
100.000000
100.000000
100.000000
100.000000
100.000000
32.000000
83.000000
59.000000
100.000000
34.000000
100.000000
100.000000
100.000000
86.000000
100.000000
100.000000
100.000000
33.000000
100.000000
87.000000
86.000000
100.000000
100.000000
100.000000
100.000000
100.000000
100.000000
100.000000
100.000000
100.000000
100.000000
100.000000
60.000000
100.000000
100.000000
61.000000
100.000000
100.000000
100.000000
86.000000
100.000000
100.000000
100.000000
100.000000
100.000000
35.000000
100.000000
61.000000
100.000000
100.000000
100.000000
60.000000
100.000000
100.000000
100.000000
100.000000
100.000000
100.000000
100.000000
100.000000
100.000000
100.000000
100.000000
100.000000
100.000000
87.000000
100.000000
100.000000
100.000000
100.000000
100.000000
100.000000
100.000000
100.000000
61.000000
100.000000
60.000000
100.000000
100.000000
100.000000
100.000000
100.000000
100.000000
100.000000
100.000000
100.000000
100.000000
100.000000
100.000000
100.000000
100.000000
100.000000
100.000000
86.000000
87.000000
60.000000
34.000000
86.000000
34.000000
34.000000
33.000000
34.000000
34.000000
34.000000
89.000000
34.000000
34.000000
34.000000
34.000000
85.000000
33.000000
61.000000
