24.000000
24.000000
27.000000
22.000000
24.000000
24.000000
27.000000
22.000000
22.000000
27.000000
22.000000
22.000000
22.000000
22.000000
27.000000
22.000000
27.000000
22.000000
22.000000
22.000000
22.000000
22.000000
22.000000
22.000000
22.000000
27.000000
22.000000
50.000000
22.000000
22.000000
22.000000
27.000000
27.000000
27.000000
27.000000
22.000000
22.000000
43.000000
27.000000
22.000000
22.000000
22.000000
27.000000
27.000000
22.000000
27.000000
49.000000
50.000000
50.000000
27.000000
27.000000
50.000000
27.000000
27.000000
27.000000
27.000000
27.000000
27.000000
27.000000
27.000000
100.000000
27.000000
27.000000
27.000000
27.000000
100.000000
100.000000
100.000000
100.000000
100.000000
27.000000
100.000000
100.000000
100.000000
71.000000
27.000000
73.000000
27.000000
27.000000
100.000000
100.000000
100.000000
100.000000
27.000000
100.000000
27.000000
100.000000
27.000000
27.000000
100.000000
100.000000
27.000000
50.000000
100.000000
27.000000
27.000000
100.000000
27.000000
27.000000
27.000000
100.000000
50.000000
27.000000
27.000000
99.000000
100.000000
27.000000
27.000000
27.000000
100.000000
100.000000
27.000000
27.000000
100.000000
100.000000
27.000000
100.000000
100.000000
27.000000
100.000000
100.000000
27.000000
100.000000
27.000000
27.000000
27.000000
27.000000
100.000000
27.000000
27.000000
100.000000
27.000000
100.000000
100.000000
100.000000
100.000000
100.000000
100.000000
100.000000
100.000000
100.000000
100.000000
100.000000
100.000000
27.000000
100.000000
71.000000
100.000000
100.000000
100.000000
100.000000
100.000000
27.000000
100.000000
27.000000
27.000000
100.000000
100.000000
100.000000
100.000000
100.000000
27.000000
100.000000
100.000000
27.000000
27.000000
27.000000
100.000000
27.000000
100.000000
27.000000
27.000000
100.000000
27.000000
27.000000
27.000000
100.000000
27.000000
100.000000
27.000000
100.000000
100.000000
100.000000
100.000000
