22.000000
22.000000
22.000000
22.000000
22.000000
22.000000
22.000000
22.000000
22.000000
27.000000
22.000000
22.000000
22.000000
22.000000
27.000000
22.000000
22.000000
22.000000
24.000000
22.000000
27.000000
22.000000
22.000000
24.000000
44.000000
50.000000
27.000000
27.000000
44.000000
24.000000
71.000000
86.000000
24.000000
24.000000
22.000000
49.000000
49.000000
34.000000
85.000000
22.000000
24.000000
100.000000
22.000000
56.000000
59.000000
81.000000
30.000000
66.000000
60.000000
91.000000
100.000000
66.000000
43.000000
24.000000
41.000000
24.000000
22.000000
100.000000
24.000000
41.000000
22.000000
100.000000
46.000000
86.000000
72.000000
72.000000
100.000000
100.000000
59.000000
46.000000
33.000000
98.000000
100.000000
31.000000
71.000000
100.000000
49.000000
43.000000
100.000000
100.000000
42.000000
31.000000
44.000000
89.000000
43.000000
100.000000
100.000000
33.000000
86.000000
100.000000
94.000000
60.000000
30.000000
46.000000
30.000000
67.000000
52.000000
22.000000
22.000000
24.000000
24.000000
27.000000
100.000000
44.000000
72.000000
22.000000
22.000000
100.000000
100.000000
59.000000
63.000000
22.000000
32.000000
75.000000
49.000000
52.000000
35.000000
68.000000
82.000000
100.000000
44.000000
37.000000
100.000000
100.000000
30.000000
55.000000
100.000000
48.000000
44.000000
37.000000
51.000000
81.000000
42.000000
52.000000
27.000000
100.000000
27.000000
27.000000
100.000000
33.000000
24.000000
52.000000
