22.000000
22.000000
22.000000
22.000000
22.000000
22.000000
22.000000
22.000000
22.000000
24.000000
22.000000
22.000000
22.000000
22.000000
22.000000
22.000000
22.000000
22.000000
22.000000
24.000000
27.000000
34.000000
32.000000
27.000000
22.000000
22.000000
22.000000
36.000000
22.000000
22.000000
22.000000
22.000000
40.000000
74.000000
27.000000
22.000000
70.000000
22.000000
22.000000
69.000000
24.000000
22.000000
22.000000
24.000000
40.000000
27.000000
61.000000
24.000000
22.000000
22.000000
22.000000
27.000000
22.000000
22.000000
100.000000
73.000000
22.000000
22.000000
76.000000
22.000000
24.000000
82.000000
22.000000
68.000000
53.000000
34.000000
46.000000
61.000000
24.000000
66.000000
71.000000
78.000000
24.000000
24.000000
46.000000
27.000000
24.000000
61.000000
22.000000
22.000000
47.000000
22.000000
35.000000
24.000000
64.000000
22.000000
53.000000
24.000000
32.000000
30.000000
100.000000
47.000000
22.000000
36.000000
85.000000
22.000000
37.000000
22.000000
63.000000
50.000000
31.000000
32.000000
60.000000
100.000000
64.000000
100.000000
24.000000
48.000000
24.000000
24.000000
30.000000
44.000000
22.000000
24.000000
100.000000
45.000000
82.000000
24.000000
22.000000
100.000000
100.000000
53.000000
30.000000
36.000000
22.000000
24.000000
100.000000
65.000000
100.000000
22.000000
80.000000
22.000000
38.000000
22.000000
44.000000
31.000000
98.000000
100.000000
69.000000
69.000000
100.000000
65.000000
22.000000
100.000000
51.000000
100.000000
33.000000
80.000000
54.000000
100.000000
36.000000
51.000000
37.000000
32.000000
100.000000
100.000000
100.000000
22.000000
54.000000
27.000000
35.000000
22.000000
46.000000
24.000000
27.000000
77.000000
97.000000
100.000000
68.000000
70.000000
30.000000
62.000000
100.000000
30.000000
80.000000
44.000000
87.000000
35.000000
30.000000
32.000000
90.000000
37.000000
87.000000
35.000000
100.000000
46.000000
75.000000
47.000000
61.000000
