22.000000
22.000000
22.000000
22.000000
22.000000
22.000000
22.000000
22.000000
22.000000
22.000000
22.000000
22.000000
22.000000
22.000000
82.000000
22.000000
22.000000
85.000000
22.000000
24.000000
22.000000
22.000000
22.000000
100.000000
26.000000
100.000000
37.000000
22.000000
22.000000
22.000000
36.000000
22.000000
80.000000
22.000000
52.000000
22.000000
91.000000
22.000000
22.000000
22.000000
34.000000
34.000000
22.000000
45.000000
22.000000
22.000000
28.000000
35.000000
84.000000
22.000000
43.000000
22.000000
22.000000
22.000000
22.000000
22.000000
44.000000
22.000000
22.000000
22.000000
36.000000
95.000000
60.000000
68.000000
66.000000
60.000000
22.000000
22.000000
32.000000
36.000000
22.000000
22.000000
22.000000
30.000000
28.000000
22.000000
22.000000
22.000000
47.000000
40.000000
22.000000
22.000000
48.000000
22.000000
35.000000
37.000000
49.000000
22.000000
22.000000
45.000000
22.000000
45.000000
22.000000
28.000000
42.000000
22.000000
22.000000
100.000000
22.000000
46.000000
22.000000
22.000000
