22.000000
22.000000
22.000000
22.000000
22.000000
22.000000
22.000000
22.000000
24.000000
22.000000
24.000000
22.000000
22.000000
22.000000
22.000000
22.000000
22.000000
24.000000
32.000000
22.000000
22.000000
22.000000
22.000000
22.000000
24.000000
22.000000
22.000000
22.000000
22.000000
22.000000
22.000000
22.000000
22.000000
24.000000
33.000000
100.000000
34.000000
24.000000
30.000000
22.000000
22.000000
24.000000
24.000000
22.000000
30.000000
54.000000
24.000000
63.000000
22.000000
24.000000
54.000000
30.000000
42.000000
44.000000
43.000000
24.000000
24.000000
22.000000
22.000000
56.000000
24.000000
69.000000
24.000000
22.000000
43.000000
24.000000
24.000000
22.000000
22.000000
22.000000
24.000000
22.000000
85.000000
30.000000
22.000000
24.000000
70.000000
22.000000
24.000000
22.000000
72.000000
24.000000
30.000000
22.000000
39.000000
83.000000
53.000000
22.000000
22.000000
56.000000
73.000000
22.000000
49.000000
24.000000
42.000000
27.000000
70.000000
29.000000
57.000000
67.000000
37.000000
22.000000
22.000000
22.000000
22.000000
27.000000
22.000000
90.000000
66.000000
100.000000
74.000000
24.000000
93.000000
22.000000
22.000000
43.000000
22.000000
22.000000
24.000000
45.000000
