39.000000
26.000000
24.000000
24.000000
22.000000
22.000000
22.000000
33.000000
22.000000
22.000000
24.000000
22.000000
22.000000
22.000000
22.000000
22.000000
22.000000
24.000000
22.000000
24.000000
36.000000
22.000000
24.000000
41.000000
36.000000
32.000000
22.000000
24.000000
22.000000
94.000000
78.000000
45.000000
61.000000
100.000000
100.000000
27.000000
24.000000
93.000000
58.000000
58.000000
32.000000
33.000000
24.000000
71.000000
100.000000
100.000000
59.000000
82.000000
88.000000
100.000000
79.000000
24.000000
56.000000
87.000000
83.000000
46.000000
47.000000
67.000000
22.000000
45.000000
