24.000000
22.000000
22.000000
22.000000
22.000000
22.000000
33.000000
22.000000
24.000000
22.000000
22.000000
22.000000
22.000000
22.000000
22.000000
24.000000
22.000000
22.000000
22.000000
22.000000
22.000000
22.000000
22.000000
22.000000
24.000000
22.000000
24.000000
24.000000
22.000000
22.000000
38.000000
51.000000
36.000000
35.000000
39.000000
22.000000
22.000000
38.000000
22.000000
82.000000
34.000000
22.000000
22.000000
22.000000
27.000000
22.000000
22.000000
22.000000
26.000000
32.000000
35.000000
22.000000
22.000000
27.000000
22.000000
61.000000
39.000000
22.000000
22.000000
22.000000
22.000000
49.000000
22.000000
22.000000
51.000000
22.000000
22.000000
22.000000
58.000000
22.000000
100.000000
34.000000
41.000000
22.000000
22.000000
22.000000
22.000000
22.000000
22.000000
22.000000
22.000000
22.000000
22.000000
52.000000
22.000000
48.000000
57.000000
52.000000
50.000000
49.000000
27.000000
41.000000
22.000000
45.000000
22.000000
66.000000
22.000000
22.000000
22.000000
33.000000
22.000000
44.000000
85.000000
22.000000
38.000000
100.000000
22.000000
52.000000
22.000000
27.000000
22.000000
37.000000
24.000000
22.000000
22.000000
22.000000
43.000000
22.000000
22.000000
22.000000
