22.000000
26.000000
38.000000
22.000000
22.000000
22.000000
22.000000
22.000000
56.000000
22.000000
22.000000
22.000000
22.000000
22.000000
22.000000
22.000000
22.000000
22.000000
22.000000
22.000000
22.000000
24.000000
24.000000
22.000000
22.000000
22.000000
80.000000
41.000000
22.000000
81.000000
22.000000
48.000000
22.000000
71.000000
22.000000
24.000000
38.000000
60.000000
22.000000
94.000000
27.000000
32.000000
24.000000
22.000000
22.000000
34.000000
54.000000
53.000000
100.000000
24.000000
22.000000
32.000000
100.000000
64.000000
44.000000
37.000000
43.000000
100.000000
64.000000
49.000000
35.000000
62.000000
38.000000
33.000000
100.000000
100.000000
81.000000
100.000000
22.000000
67.000000
100.000000
65.000000
22.000000
24.000000
100.000000
22.000000
24.000000
100.000000
76.000000
22.000000
100.000000
61.000000
49.000000
24.000000
50.000000
22.000000
100.000000
51.000000
50.000000
64.000000
81.000000
77.000000
27.000000
31.000000
76.000000
45.000000
61.000000
80.000000
34.000000
24.000000
51.000000
62.000000
24.000000
27.000000
100.000000
95.000000
100.000000
93.000000
22.000000
73.000000
22.000000
100.000000
81.000000
87.000000
100.000000
62.000000
22.000000
68.000000
22.000000
100.000000
