22.000000
22.000000
22.000000
24.000000
22.000000
32.000000
22.000000
22.000000
22.000000
22.000000
22.000000
22.000000
22.000000
22.000000
22.000000
22.000000
22.000000
22.000000
22.000000
22.000000
22.000000
24.000000
22.000000
24.000000
45.000000
22.000000
24.000000
22.000000
22.000000
34.000000
24.000000
27.000000
36.000000
22.000000
24.000000
43.000000
27.000000
27.000000
52.000000
30.000000
40.000000
33.000000
24.000000
27.000000
22.000000
46.000000
46.000000
40.000000
22.000000
22.000000
50.000000
45.000000
100.000000
33.000000
86.000000
30.000000
81.000000
60.000000
47.000000
38.000000
27.000000
45.000000
24.000000
63.000000
24.000000
87.000000
99.000000
24.000000
46.000000
92.000000
88.000000
22.000000
22.000000
81.000000
60.000000
24.000000
57.000000
100.000000
32.000000
39.000000
24.000000
24.000000
34.000000
100.000000
86.000000
22.000000
73.000000
68.000000
96.000000
24.000000
22.000000
42.000000
63.000000
34.000000
24.000000
100.000000
100.000000
47.000000
33.000000
55.000000
76.000000
30.000000
100.000000
55.000000
49.000000
36.000000
24.000000
65.000000
22.000000
45.000000
24.000000
24.000000
49.000000
24.000000
66.000000
24.000000
92.000000
38.000000
100.000000
100.000000
