22.000000
22.000000
47.000000
57.000000
22.000000
74.000000
22.000000
22.000000
22.000000
22.000000
22.000000
22.000000
85.000000
22.000000
40.000000
42.000000
22.000000
77.000000
22.000000
22.000000
22.000000
22.000000
45.000000
22.000000
22.000000
22.000000
22.000000
46.000000
22.000000
22.000000
22.000000
22.000000
29.000000
22.000000
65.000000
22.000000
22.000000
50.000000
70.000000
22.000000
22.000000
30.000000
100.000000
22.000000
22.000000
22.000000
22.000000
22.000000
22.000000
22.000000
22.000000
22.000000
22.000000
22.000000
28.000000
22.000000
22.000000
100.000000
28.000000
45.000000
73.000000
44.000000
22.000000
22.000000
22.000000
22.000000
22.000000
22.000000
22.000000
22.000000
22.000000
22.000000
22.000000
62.000000
22.000000
22.000000
22.000000
22.000000
22.000000
22.000000
24.000000
22.000000
24.000000
22.000000
24.000000
22.000000
22.000000
22.000000
22.000000
22.000000
22.000000
22.000000
48.000000
22.000000
22.000000
22.000000
22.000000
50.000000
27.000000
33.000000
22.000000
37.000000
22.000000
22.000000
36.000000
77.000000
47.000000
22.000000
49.000000
40.000000
27.000000
33.000000
46.000000
22.000000
22.000000
22.000000
22.000000
22.000000
56.000000
22.000000
