22.000000
27.000000
22.000000
22.000000
22.000000
22.000000
22.000000
22.000000
22.000000
22.000000
22.000000
22.000000
22.000000
22.000000
22.000000
22.000000
22.000000
22.000000
22.000000
22.000000
22.000000
22.000000
22.000000
22.000000
22.000000
22.000000
22.000000
22.000000
22.000000
22.000000
22.000000
22.000000
22.000000
22.000000
22.000000
22.000000
22.000000
22.000000
22.000000
22.000000
22.000000
24.000000
22.000000
22.000000
22.000000
22.000000
22.000000
39.000000
22.000000
22.000000
22.000000
22.000000
22.000000
35.000000
32.000000
36.000000
22.000000
37.000000
36.000000
30.000000
22.000000
47.000000
52.000000
22.000000
28.000000
22.000000
52.000000
22.000000
49.000000
24.000000
22.000000
22.000000
22.000000
44.000000
52.000000
22.000000
22.000000
31.000000
36.000000
22.000000
24.000000
22.000000
32.000000
44.000000
22.000000
24.000000
22.000000
28.000000
22.000000
24.000000
59.000000
27.000000
22.000000
22.000000
49.000000
22.000000
22.000000
52.000000
22.000000
22.000000
52.000000
26.000000
22.000000
22.000000
22.000000
24.000000
22.000000
32.000000
26.000000
22.000000
22.000000
22.000000
26.000000
52.000000
22.000000
41.000000
22.000000
22.000000
22.000000
22.000000
