22.000000
22.000000
24.000000
22.000000
22.000000
22.000000
22.000000
22.000000
22.000000
22.000000
22.000000
22.000000
24.000000
22.000000
22.000000
22.000000
22.000000
22.000000
22.000000
41.000000
22.000000
22.000000
63.000000
22.000000
22.000000
43.000000
22.000000
24.000000
24.000000
22.000000
22.000000
24.000000
22.000000
32.000000
27.000000
59.000000
33.000000
22.000000
56.000000
22.000000
24.000000
24.000000
100.000000
32.000000
24.000000
100.000000
24.000000
43.000000
74.000000
22.000000
24.000000
49.000000
65.000000
24.000000
54.000000
34.000000
31.000000
22.000000
22.000000
82.000000
37.000000
100.000000
38.000000
43.000000
22.000000
24.000000
100.000000
30.000000
93.000000
41.000000
22.000000
22.000000
39.000000
22.000000
73.000000
30.000000
38.000000
100.000000
32.000000
22.000000
58.000000
100.000000
69.000000
40.000000
71.000000
22.000000
56.000000
42.000000
22.000000
55.000000
22.000000
31.000000
22.000000
66.000000
100.000000
66.000000
100.000000
100.000000
24.000000
41.000000
22.000000
33.000000
52.000000
100.000000
52.000000
40.000000
24.000000
54.000000
22.000000
61.000000
73.000000
31.000000
97.000000
52.000000
