22.000000
22.000000
24.000000
22.000000
22.000000
22.000000
22.000000
22.000000
22.000000
22.000000
22.000000
22.000000
22.000000
22.000000
36.000000
22.000000
80.000000
24.000000
36.000000
30.000000
22.000000
22.000000
22.000000
22.000000
22.000000
40.000000
22.000000
22.000000
46.000000
22.000000
22.000000
84.000000
27.000000
69.000000
22.000000
87.000000
42.000000
22.000000
22.000000
65.000000
22.000000
22.000000
22.000000
22.000000
22.000000
49.000000
47.000000
79.000000
22.000000
68.000000
39.000000
70.000000
100.000000
44.000000
31.000000
22.000000
22.000000
100.000000
22.000000
24.000000
22.000000
90.000000
48.000000
82.000000
22.000000
80.000000
100.000000
58.000000
34.000000
87.000000
22.000000
97.000000
37.000000
22.000000
58.000000
22.000000
100.000000
100.000000
99.000000
44.000000
31.000000
100.000000
80.000000
41.000000
27.000000
67.000000
50.000000
100.000000
69.000000
44.000000
38.000000
