22.000000
22.000000
22.000000
22.000000
22.000000
24.000000
24.000000
63.000000
22.000000
24.000000
22.000000
22.000000
22.000000
22.000000
22.000000
27.000000
22.000000
22.000000
22.000000
22.000000
22.000000
22.000000
22.000000
22.000000
22.000000
27.000000
27.000000
27.000000
22.000000
22.000000
27.000000
22.000000
27.000000
27.000000
22.000000
27.000000
22.000000
22.000000
22.000000
22.000000
22.000000
22.000000
31.000000
26.000000
24.000000
22.000000
22.000000
44.000000
22.000000
22.000000
22.000000
26.000000
22.000000
22.000000
22.000000
42.000000
22.000000
34.000000
26.000000
51.000000
22.000000
22.000000
40.000000
22.000000
22.000000
22.000000
22.000000
22.000000
22.000000
22.000000
24.000000
24.000000
22.000000
22.000000
22.000000
45.000000
22.000000
22.000000
46.000000
22.000000
22.000000
22.000000
22.000000
22.000000
22.000000
36.000000
22.000000
86.000000
33.000000
22.000000
22.000000
22.000000
64.000000
22.000000
28.000000
39.000000
40.000000
40.000000
56.000000
41.000000
44.000000
