22.000000
22.000000
22.000000
22.000000
27.000000
22.000000
22.000000
22.000000
22.000000
22.000000
22.000000
22.000000
22.000000
22.000000
22.000000
22.000000
22.000000
22.000000
24.000000
22.000000
22.000000
22.000000
22.000000
22.000000
22.000000
27.000000
57.000000
37.000000
22.000000
22.000000
22.000000
22.000000
24.000000
24.000000
30.000000
26.000000
24.000000
22.000000
26.000000
22.000000
22.000000
22.000000
22.000000
22.000000
22.000000
26.000000
22.000000
22.000000
22.000000
22.000000
22.000000
22.000000
22.000000
22.000000
26.000000
28.000000
22.000000
22.000000
22.000000
41.000000
22.000000
22.000000
22.000000
24.000000
22.000000
22.000000
32.000000
27.000000
27.000000
22.000000
22.000000
26.000000
22.000000
22.000000
22.000000
22.000000
22.000000
22.000000
22.000000
94.000000
22.000000
22.000000
40.000000
22.000000
22.000000
22.000000
26.000000
81.000000
22.000000
22.000000
22.000000
22.000000
22.000000
22.000000
41.000000
28.000000
48.000000
22.000000
22.000000
22.000000
22.000000
22.000000
96.000000
100.000000
22.000000
44.000000
38.000000
22.000000
22.000000
44.000000
22.000000
22.000000
81.000000
40.000000
22.000000
22.000000
22.000000
22.000000
28.000000
22.000000
