22.000000
22.000000
22.000000
22.000000
22.000000
22.000000
22.000000
22.000000
22.000000
27.000000
22.000000
22.000000
22.000000
22.000000
27.000000
22.000000
22.000000
22.000000
22.000000
22.000000
22.000000
22.000000
22.000000
22.000000
22.000000
22.000000
22.000000
22.000000
22.000000
22.000000
22.000000
22.000000
22.000000
26.000000
22.000000
22.000000
22.000000
22.000000
22.000000
22.000000
22.000000
22.000000
22.000000
22.000000
22.000000
22.000000
22.000000
64.000000
22.000000
22.000000
41.000000
22.000000
42.000000
22.000000
22.000000
43.000000
22.000000
22.000000
22.000000
22.000000
22.000000
74.000000
44.000000
22.000000
22.000000
22.000000
22.000000
22.000000
34.000000
43.000000
22.000000
31.000000
22.000000
22.000000
22.000000
22.000000
22.000000
44.000000
94.000000
45.000000
22.000000
22.000000
22.000000
22.000000
58.000000
22.000000
22.000000
22.000000
22.000000
26.000000
22.000000
22.000000
61.000000
37.000000
53.000000
22.000000
43.000000
71.000000
22.000000
22.000000
70.000000
22.000000
79.000000
92.000000
22.000000
22.000000
22.000000
22.000000
26.000000
22.000000
22.000000
22.000000
22.000000
22.000000
22.000000
95.000000
51.000000
24.000000
22.000000
24.000000
