22.000000
22.000000
22.000000
24.000000
24.000000
22.000000
22.000000
22.000000
22.000000
22.000000
22.000000
22.000000
22.000000
22.000000
22.000000
24.000000
22.000000
22.000000
22.000000
22.000000
22.000000
22.000000
22.000000
22.000000
22.000000
22.000000
22.000000
24.000000
22.000000
22.000000
22.000000
22.000000
22.000000
22.000000
22.000000
22.000000
22.000000
22.000000
22.000000
22.000000
22.000000
22.000000
22.000000
22.000000
22.000000
22.000000
22.000000
44.000000
22.000000
22.000000
22.000000
22.000000
22.000000
27.000000
27.000000
22.000000
27.000000
27.000000
22.000000
27.000000
27.000000
22.000000
22.000000
27.000000
27.000000
65.000000
22.000000
58.000000
39.000000
22.000000
22.000000
22.000000
54.000000
22.000000
22.000000
22.000000
22.000000
72.000000
41.000000
22.000000
88.000000
22.000000
65.000000
36.000000
22.000000
52.000000
59.000000
57.000000
22.000000
44.000000
24.000000
22.000000
22.000000
54.000000
22.000000
22.000000
26.000000
40.000000
22.000000
22.000000
22.000000
22.000000
32.000000
22.000000
72.000000
22.000000
22.000000
36.000000
28.000000
22.000000
22.000000
44.000000
22.000000
22.000000
22.000000
48.000000
48.000000
22.000000
40.000000
44.000000
