22.000000
22.000000
22.000000
22.000000
22.000000
22.000000
22.000000
22.000000
22.000000
22.000000
22.000000
24.000000
22.000000
22.000000
22.000000
22.000000
24.000000
22.000000
33.000000
22.000000
24.000000
34.000000
22.000000
22.000000
22.000000
22.000000
22.000000
22.000000
22.000000
24.000000
22.000000
22.000000
22.000000
22.000000
29.000000
22.000000
22.000000
27.000000
48.000000
22.000000
22.000000
22.000000
22.000000
22.000000
41.000000
22.000000
63.000000
22.000000
22.000000
54.000000
22.000000
22.000000
22.000000
22.000000
22.000000
22.000000
22.000000
64.000000
22.000000
22.000000
22.000000
22.000000
53.000000
22.000000
22.000000
22.000000
100.000000
24.000000
