22.000000
22.000000
22.000000
22.000000
22.000000
22.000000
22.000000
22.000000
22.000000
22.000000
22.000000
22.000000
24.000000
22.000000
22.000000
22.000000
22.000000
24.000000
22.000000
22.000000
22.000000
24.000000
24.000000
22.000000
22.000000
22.000000
22.000000
22.000000
22.000000
24.000000
22.000000
22.000000
22.000000
22.000000
22.000000
22.000000
22.000000
27.000000
45.000000
22.000000
32.000000
22.000000
22.000000
22.000000
22.000000
22.000000
22.000000
22.000000
24.000000
22.000000
22.000000
53.000000
22.000000
33.000000
26.000000
26.000000
22.000000
34.000000
24.000000
38.000000
22.000000
26.000000
22.000000
22.000000
29.000000
22.000000
22.000000
41.000000
34.000000
58.000000
24.000000
22.000000
36.000000
34.000000
53.000000
22.000000
22.000000
22.000000
27.000000
22.000000
22.000000
24.000000
22.000000
46.000000
24.000000
22.000000
22.000000
22.000000
22.000000
22.000000
44.000000
93.000000
22.000000
45.000000
95.000000
53.000000
42.000000
29.000000
24.000000
72.000000
29.000000
60.000000
100.000000
22.000000
22.000000
22.000000
68.000000
22.000000
66.000000
66.000000
79.000000
73.000000
100.000000
22.000000
47.000000
22.000000
57.000000
22.000000
22.000000
22.000000
