24.000000
22.000000
22.000000
22.000000
22.000000
24.000000
22.000000
27.000000
22.000000
22.000000
22.000000
22.000000
22.000000
22.000000
22.000000
22.000000
22.000000
22.000000
24.000000
45.000000
35.000000
24.000000
22.000000
22.000000
41.000000
22.000000
22.000000
22.000000
22.000000
76.000000
22.000000
24.000000
22.000000
22.000000
24.000000
22.000000
76.000000
40.000000
22.000000
22.000000
22.000000
39.000000
22.000000
22.000000
39.000000
28.000000
22.000000
27.000000
52.000000
37.000000
22.000000
26.000000
87.000000
22.000000
22.000000
48.000000
22.000000
27.000000
38.000000
