27.000000
22.000000
22.000000
22.000000
22.000000
32.000000
22.000000
22.000000
31.000000
22.000000
22.000000
24.000000
22.000000
48.000000
27.000000
27.000000
22.000000
22.000000
22.000000
22.000000
22.000000
39.000000
22.000000
58.000000
24.000000
47.000000
100.000000
27.000000
24.000000
74.000000
46.000000
64.000000
22.000000
32.000000
51.000000
95.000000
50.000000
24.000000
100.000000
24.000000
53.000000
38.000000
22.000000
100.000000
24.000000
22.000000
39.000000
22.000000
63.000000
51.000000
100.000000
47.000000
66.000000
38.000000
33.000000
22.000000
49.000000
31.000000
22.000000
66.000000
48.000000
27.000000
22.000000
34.000000
32.000000
72.000000
60.000000
43.000000
24.000000
27.000000
100.000000
24.000000
57.000000
34.000000
51.000000
