22.000000
22.000000
22.000000
22.000000
22.000000
22.000000
22.000000
24.000000
22.000000
26.000000
26.000000
22.000000
22.000000
22.000000
22.000000
22.000000
22.000000
22.000000
22.000000
22.000000
22.000000
22.000000
22.000000
22.000000
22.000000
22.000000
27.000000
22.000000
22.000000
22.000000
22.000000
22.000000
27.000000
22.000000
22.000000
22.000000
22.000000
22.000000
22.000000
22.000000
27.000000
22.000000
22.000000
22.000000
22.000000
22.000000
27.000000
22.000000
27.000000
27.000000
22.000000
27.000000
22.000000
22.000000
22.000000
27.000000
57.000000
22.000000
58.000000
48.000000
27.000000
22.000000
24.000000
82.000000
30.000000
83.000000
100.000000
57.000000
30.000000
72.000000
80.000000
36.000000
24.000000
22.000000
22.000000
22.000000
41.000000
100.000000
22.000000
100.000000
74.000000
64.000000
22.000000
22.000000
37.000000
45.000000
40.000000
22.000000
22.000000
22.000000
22.000000
51.000000
22.000000
45.000000
22.000000
22.000000
100.000000
41.000000
61.000000
83.000000
22.000000
22.000000
22.000000
22.000000
40.000000
24.000000
22.000000
22.000000
22.000000
26.000000
27.000000
45.000000
22.000000
27.000000
27.000000
22.000000
22.000000
22.000000
22.000000
27.000000
