22.000000
22.000000
22.000000
24.000000
22.000000
22.000000
22.000000
24.000000
24.000000
22.000000
22.000000
22.000000
22.000000
22.000000
28.000000
63.000000
22.000000
22.000000
27.000000
22.000000
22.000000
22.000000
24.000000
68.000000
26.000000
22.000000
22.000000
22.000000
22.000000
22.000000
29.000000
22.000000
22.000000
22.000000
22.000000
52.000000
46.000000
22.000000
22.000000
22.000000
22.000000
50.000000
50.000000
22.000000
95.000000
22.000000
22.000000
47.000000
41.000000
35.000000
85.000000
22.000000
22.000000
22.000000
94.000000
22.000000
22.000000
22.000000
22.000000
62.000000
99.000000
22.000000
22.000000
86.000000
100.000000
100.000000
22.000000
22.000000
48.000000
86.000000
66.000000
22.000000
100.000000
22.000000
24.000000
22.000000
22.000000
22.000000
22.000000
76.000000
22.000000
22.000000
27.000000
22.000000
22.000000
22.000000
22.000000
22.000000
97.000000
22.000000
22.000000
34.000000
22.000000
22.000000
22.000000
22.000000
100.000000
65.000000
100.000000
59.000000
22.000000
24.000000
43.000000
22.000000
35.000000
84.000000
99.000000
100.000000
22.000000
24.000000
22.000000
22.000000
36.000000
22.000000
96.000000
22.000000
22.000000
22.000000
22.000000
41.000000
