22.000000
22.000000
22.000000
22.000000
22.000000
22.000000
22.000000
22.000000
22.000000
22.000000
22.000000
22.000000
22.000000
22.000000
22.000000
22.000000
22.000000
27.000000
22.000000
22.000000
22.000000
22.000000
22.000000
22.000000
22.000000
22.000000
22.000000
22.000000
22.000000
22.000000
22.000000
22.000000
22.000000
22.000000
22.000000
22.000000
22.000000
22.000000
22.000000
22.000000
22.000000
22.000000
22.000000
69.000000
59.000000
30.000000
27.000000
58.000000
41.000000
22.000000
22.000000
22.000000
22.000000
37.000000
46.000000
22.000000
22.000000
22.000000
22.000000
35.000000
47.000000
22.000000
27.000000
22.000000
42.000000
46.000000
22.000000
22.000000
22.000000
55.000000
22.000000
43.000000
22.000000
33.000000
32.000000
22.000000
22.000000
57.000000
34.000000
37.000000
30.000000
22.000000
22.000000
22.000000
22.000000
41.000000
33.000000
22.000000
22.000000
24.000000
22.000000
22.000000
22.000000
41.000000
22.000000
50.000000
42.000000
22.000000
22.000000
29.000000
22.000000
22.000000
37.000000
66.000000
62.000000
22.000000
22.000000
45.000000
22.000000
27.000000
22.000000
27.000000
31.000000
22.000000
49.000000
100.000000
22.000000
27.000000
22.000000
35.000000
