27.000000
22.000000
22.000000
22.000000
22.000000
24.000000
54.000000
22.000000
22.000000
22.000000
22.000000
22.000000
24.000000
22.000000
22.000000
24.000000
22.000000
22.000000
32.000000
26.000000
34.000000
24.000000
24.000000
22.000000
22.000000
22.000000
33.000000
22.000000
22.000000
35.000000
26.000000
52.000000
24.000000
34.000000
22.000000
38.000000
39.000000
38.000000
65.000000
26.000000
51.000000
37.000000
32.000000
22.000000
22.000000
27.000000
51.000000
22.000000
22.000000
27.000000
22.000000
22.000000
24.000000
22.000000
27.000000
22.000000
22.000000
59.000000
24.000000
100.000000
61.000000
22.000000
22.000000
22.000000
64.000000
30.000000
22.000000
24.000000
47.000000
62.000000
22.000000
22.000000
27.000000
22.000000
24.000000
27.000000
22.000000
22.000000
22.000000
64.000000
34.000000
22.000000
24.000000
22.000000
52.000000
22.000000
22.000000
22.000000
22.000000
24.000000
24.000000
24.000000
22.000000
56.000000
22.000000
22.000000
22.000000
22.000000
22.000000
38.000000
22.000000
22.000000
22.000000
22.000000
22.000000
22.000000
22.000000
53.000000
22.000000
27.000000
22.000000
22.000000
22.000000
27.000000
22.000000
27.000000
27.000000
45.000000
22.000000
22.000000
