22.000000
27.000000
22.000000
22.000000
22.000000
22.000000
22.000000
22.000000
22.000000
22.000000
22.000000
22.000000
22.000000
22.000000
22.000000
22.000000
22.000000
27.000000
81.000000
22.000000
45.000000
22.000000
22.000000
100.000000
22.000000
22.000000
24.000000
22.000000
75.000000
24.000000
22.000000
22.000000
22.000000
36.000000
22.000000
24.000000
24.000000
54.000000
58.000000
44.000000
45.000000
24.000000
33.000000
22.000000
40.000000
22.000000
75.000000
24.000000
24.000000
22.000000
57.000000
58.000000
63.000000
29.000000
22.000000
22.000000
22.000000
71.000000
39.000000
30.000000
22.000000
73.000000
24.000000
24.000000
22.000000
69.000000
63.000000
45.000000
26.000000
22.000000
24.000000
24.000000
100.000000
22.000000
24.000000
24.000000
24.000000
22.000000
27.000000
36.000000
22.000000
34.000000
34.000000
22.000000
40.000000
22.000000
22.000000
22.000000
22.000000
22.000000
67.000000
22.000000
22.000000
28.000000
22.000000
22.000000
22.000000
68.000000
22.000000
22.000000
22.000000
53.000000
22.000000
22.000000
22.000000
48.000000
28.000000
22.000000
32.000000
22.000000
52.000000
22.000000
28.000000
22.000000
33.000000
22.000000
22.000000
22.000000
71.000000
22.000000
