34.000000
22.000000
22.000000
22.000000
24.000000
22.000000
22.000000
22.000000
22.000000
22.000000
22.000000
24.000000
22.000000
22.000000
22.000000
27.000000
22.000000
57.000000
22.000000
22.000000
22.000000
22.000000
22.000000
22.000000
22.000000
22.000000
22.000000
22.000000
40.000000
34.000000
30.000000
22.000000
24.000000
24.000000
22.000000
40.000000
22.000000
42.000000
22.000000
22.000000
22.000000
22.000000
22.000000
22.000000
46.000000
22.000000
22.000000
30.000000
30.000000
24.000000
22.000000
22.000000
26.000000
22.000000
22.000000
58.000000
22.000000
50.000000
22.000000
24.000000
30.000000
22.000000
24.000000
24.000000
22.000000
24.000000
24.000000
24.000000
22.000000
22.000000
22.000000
22.000000
42.000000
22.000000
24.000000
84.000000
44.000000
56.000000
22.000000
48.000000
24.000000
45.000000
22.000000
76.000000
22.000000
22.000000
26.000000
22.000000
30.000000
22.000000
22.000000
22.000000
55.000000
24.000000
22.000000
77.000000
37.000000
22.000000
30.000000
24.000000
44.000000
22.000000
24.000000
65.000000
24.000000
64.000000
24.000000
24.000000
43.000000
22.000000
37.000000
22.000000
30.000000
22.000000
38.000000
35.000000
22.000000
22.000000
22.000000
22.000000
