22.000000
22.000000
63.000000
24.000000
49.000000
22.000000
22.000000
22.000000
22.000000
39.000000
22.000000
38.000000
22.000000
24.000000
51.000000
22.000000
22.000000
27.000000
63.000000
22.000000
22.000000
70.000000
22.000000
75.000000
22.000000
48.000000
22.000000
26.000000
53.000000
22.000000
33.000000
22.000000
22.000000
46.000000
50.000000
40.000000
22.000000
22.000000
26.000000
22.000000
22.000000
26.000000
22.000000
26.000000
24.000000
22.000000
22.000000
22.000000
24.000000
24.000000
22.000000
26.000000
26.000000
39.000000
22.000000
27.000000
22.000000
22.000000
22.000000
27.000000
37.000000
26.000000
22.000000
52.000000
22.000000
22.000000
37.000000
89.000000
22.000000
74.000000
28.000000
33.000000
22.000000
22.000000
22.000000
22.000000
22.000000
22.000000
100.000000
22.000000
22.000000
22.000000
44.000000
22.000000
50.000000
22.000000
30.000000
22.000000
22.000000
22.000000
34.000000
39.000000
40.000000
22.000000
22.000000
77.000000
22.000000
40.000000
22.000000
75.000000
37.000000
22.000000
22.000000
22.000000
22.000000
22.000000
22.000000
32.000000
22.000000
28.000000
100.000000
22.000000
22.000000
22.000000
22.000000
22.000000
74.000000
22.000000
22.000000
22.000000
