22.000000
22.000000
22.000000
22.000000
22.000000
22.000000
22.000000
22.000000
22.000000
22.000000
22.000000
22.000000
22.000000
22.000000
22.000000
22.000000
22.000000
22.000000
22.000000
22.000000
22.000000
22.000000
22.000000
22.000000
22.000000
22.000000
22.000000
22.000000
22.000000
22.000000
22.000000
22.000000
22.000000
22.000000
22.000000
22.000000
22.000000
22.000000
22.000000
22.000000
22.000000
22.000000
22.000000
22.000000
22.000000
22.000000
22.000000
22.000000
22.000000
22.000000
22.000000
22.000000
22.000000
22.000000
22.000000
22.000000
22.000000
22.000000
22.000000
22.000000
22.000000
22.000000
22.000000
22.000000
22.000000
22.000000
22.000000
22.000000
22.000000
22.000000
22.000000
22.000000
22.000000
22.000000
65.000000
22.000000
22.000000
22.000000
22.000000
57.000000
22.000000
30.000000
100.000000
22.000000
22.000000
42.000000
22.000000
22.000000
30.000000
56.000000
30.000000
22.000000
41.000000
22.000000
24.000000
24.000000
32.000000
75.000000
56.000000
44.000000
22.000000
22.000000
24.000000
30.000000
22.000000
37.000000
24.000000
22.000000
22.000000
22.000000
56.000000
22.000000
22.000000
22.000000
40.000000
22.000000
55.000000
24.000000
47.000000
47.000000
