44.000000
22.000000
22.000000
22.000000
22.000000
39.000000
22.000000
24.000000
22.000000
22.000000
24.000000
22.000000
22.000000
22.000000
22.000000
22.000000
22.000000
22.000000
22.000000
22.000000
22.000000
22.000000
22.000000
22.000000
24.000000
31.000000
22.000000
22.000000
22.000000
22.000000
22.000000
30.000000
29.000000
22.000000
22.000000
22.000000
22.000000
22.000000
22.000000
22.000000
22.000000
22.000000
22.000000
22.000000
22.000000
22.000000
33.000000
22.000000
22.000000
22.000000
40.000000
22.000000
22.000000
33.000000
52.000000
22.000000
22.000000
22.000000
57.000000
22.000000
45.000000
44.000000
26.000000
46.000000
93.000000
47.000000
22.000000
58.000000
46.000000
82.000000
39.000000
42.000000
28.000000
22.000000
26.000000
22.000000
22.000000
22.000000
22.000000
35.000000
86.000000
93.000000
22.000000
22.000000
22.000000
22.000000
65.000000
22.000000
28.000000
22.000000
22.000000
22.000000
22.000000
40.000000
22.000000
22.000000
41.000000
36.000000
60.000000
22.000000
22.000000
22.000000
22.000000
45.000000
44.000000
44.000000
44.000000
22.000000
36.000000
36.000000
22.000000
32.000000
44.000000
22.000000
22.000000
22.000000
28.000000
47.000000
22.000000
22.000000
