22.000000
22.000000
22.000000
22.000000
22.000000
24.000000
22.000000
100.000000
44.000000
22.000000
22.000000
22.000000
26.000000
22.000000
43.000000
100.000000
22.000000
22.000000
33.000000
22.000000
47.000000
37.000000
22.000000
35.000000
22.000000
22.000000
22.000000
32.000000
22.000000
46.000000
22.000000
41.000000
34.000000
41.000000
22.000000
22.000000
28.000000
22.000000
22.000000
22.000000
22.000000
24.000000
22.000000
73.000000
22.000000
22.000000
34.000000
22.000000
44.000000
40.000000
87.000000
22.000000
32.000000
22.000000
22.000000
22.000000
85.000000
56.000000
47.000000
22.000000
22.000000
100.000000
22.000000
22.000000
22.000000
24.000000
22.000000
39.000000
22.000000
22.000000
22.000000
82.000000
72.000000
33.000000
22.000000
22.000000
22.000000
39.000000
22.000000
65.000000
22.000000
62.000000
27.000000
22.000000
48.000000
22.000000
82.000000
33.000000
22.000000
22.000000
36.000000
22.000000
32.000000
41.000000
49.000000
22.000000
22.000000
74.000000
47.000000
31.000000
27.000000
27.000000
22.000000
22.000000
41.000000
26.000000
22.000000
22.000000
26.000000
61.000000
22.000000
22.000000
22.000000
51.000000
36.000000
38.000000
55.000000
22.000000
22.000000
32.000000
