22.000000
22.000000
22.000000
22.000000
22.000000
22.000000
22.000000
22.000000
32.000000
22.000000
22.000000
24.000000
22.000000
22.000000
22.000000
22.000000
22.000000
22.000000
24.000000
22.000000
22.000000
22.000000
22.000000
22.000000
32.000000
22.000000
22.000000
22.000000
100.000000
22.000000
24.000000
22.000000
24.000000
50.000000
60.000000
100.000000
22.000000
36.000000
22.000000
22.000000
22.000000
27.000000
22.000000
22.000000
24.000000
22.000000
22.000000
58.000000
36.000000
22.000000
89.000000
22.000000
22.000000
22.000000
88.000000
22.000000
22.000000
22.000000
22.000000
58.000000
22.000000
24.000000
22.000000
38.000000
22.000000
22.000000
24.000000
24.000000
22.000000
22.000000
42.000000
22.000000
61.000000
22.000000
30.000000
22.000000
22.000000
52.000000
22.000000
22.000000
22.000000
34.000000
22.000000
22.000000
22.000000
58.000000
49.000000
100.000000
100.000000
60.000000
22.000000
22.000000
22.000000
22.000000
22.000000
24.000000
78.000000
100.000000
22.000000
22.000000
40.000000
74.000000
63.000000
41.000000
22.000000
22.000000
27.000000
22.000000
22.000000
22.000000
27.000000
34.000000
36.000000
36.000000
22.000000
22.000000
22.000000
22.000000
97.000000
22.000000
