24.000000
22.000000
24.000000
24.000000
24.000000
22.000000
30.000000
22.000000
22.000000
24.000000
24.000000
22.000000
22.000000
22.000000
22.000000
27.000000
22.000000
22.000000
27.000000
22.000000
22.000000
22.000000
22.000000
22.000000
22.000000
22.000000
27.000000
33.000000
22.000000
40.000000
22.000000
22.000000
22.000000
22.000000
22.000000
35.000000
22.000000
22.000000
45.000000
52.000000
22.000000
26.000000
22.000000
22.000000
24.000000
51.000000
22.000000
22.000000
28.000000
45.000000
22.000000
26.000000
22.000000
93.000000
22.000000
27.000000
27.000000
22.000000
24.000000
70.000000
27.000000
27.000000
24.000000
22.000000
68.000000
26.000000
22.000000
24.000000
22.000000
24.000000
22.000000
24.000000
22.000000
98.000000
37.000000
22.000000
22.000000
34.000000
27.000000
22.000000
42.000000
22.000000
22.000000
22.000000
22.000000
22.000000
51.000000
22.000000
22.000000
22.000000
40.000000
22.000000
22.000000
22.000000
22.000000
22.000000
22.000000
22.000000
33.000000
38.000000
22.000000
71.000000
22.000000
50.000000
26.000000
22.000000
22.000000
22.000000
24.000000
22.000000
53.000000
67.000000
22.000000
39.000000
22.000000
49.000000
33.000000
27.000000
79.000000
27.000000
