24.000000
24.000000
27.000000
22.000000
22.000000
22.000000
22.000000
22.000000
22.000000
24.000000
22.000000
22.000000
24.000000
22.000000
22.000000
22.000000
27.000000
22.000000
22.000000
22.000000
22.000000
22.000000
22.000000
22.000000
22.000000
22.000000
22.000000
24.000000
24.000000
22.000000
22.000000
22.000000
22.000000
37.000000
24.000000
22.000000
22.000000
24.000000
24.000000
27.000000
24.000000
77.000000
22.000000
22.000000
40.000000
32.000000
55.000000
22.000000
24.000000
22.000000
24.000000
22.000000
22.000000
27.000000
22.000000
22.000000
22.000000
22.000000
24.000000
22.000000
24.000000
22.000000
39.000000
22.000000
22.000000
22.000000
33.000000
22.000000
24.000000
38.000000
22.000000
24.000000
22.000000
22.000000
24.000000
24.000000
30.000000
24.000000
22.000000
22.000000
24.000000
79.000000
24.000000
57.000000
100.000000
27.000000
22.000000
32.000000
47.000000
22.000000
24.000000
24.000000
22.000000
39.000000
42.000000
24.000000
22.000000
58.000000
22.000000
60.000000
22.000000
22.000000
30.000000
24.000000
45.000000
22.000000
30.000000
24.000000
22.000000
22.000000
22.000000
59.000000
22.000000
30.000000
24.000000
22.000000
22.000000
22.000000
24.000000
51.000000
