24.000000
22.000000
24.000000
22.000000
22.000000
24.000000
22.000000
22.000000
24.000000
27.000000
51.000000
41.000000
22.000000
22.000000
22.000000
27.000000
22.000000
24.000000
44.000000
22.000000
22.000000
44.000000
44.000000
22.000000
22.000000
60.000000
89.000000
40.000000
22.000000
22.000000
22.000000
22.000000
22.000000
22.000000
64.000000
35.000000
22.000000
38.000000
22.000000
45.000000
100.000000
22.000000
22.000000
22.000000
22.000000
22.000000
56.000000
73.000000
52.000000
22.000000
22.000000
81.000000
40.000000
22.000000
40.000000
22.000000
22.000000
36.000000
28.000000
64.000000
43.000000
22.000000
22.000000
60.000000
22.000000
60.000000
22.000000
22.000000
50.000000
28.000000
52.000000
22.000000
22.000000
45.000000
22.000000
22.000000
56.000000
54.000000
68.000000
22.000000
37.000000
22.000000
32.000000
22.000000
22.000000
28.000000
22.000000
22.000000
22.000000
22.000000
22.000000
22.000000
22.000000
30.000000
22.000000
22.000000
56.000000
67.000000
46.000000
22.000000
26.000000
100.000000
51.000000
22.000000
22.000000
36.000000
22.000000
50.000000
26.000000
22.000000
22.000000
22.000000
22.000000
22.000000
22.000000
54.000000
22.000000
50.000000
41.000000
22.000000
