22.000000
22.000000
22.000000
22.000000
22.000000
22.000000
22.000000
22.000000
22.000000
22.000000
22.000000
27.000000
26.000000
22.000000
24.000000
22.000000
22.000000
27.000000
22.000000
27.000000
22.000000
22.000000
22.000000
24.000000
22.000000
22.000000
22.000000
24.000000
22.000000
22.000000
22.000000
27.000000
27.000000
22.000000
22.000000
27.000000
22.000000
24.000000
24.000000
22.000000
63.000000
40.000000
60.000000
22.000000
33.000000
22.000000
22.000000
80.000000
22.000000
22.000000
22.000000
22.000000
22.000000
22.000000
22.000000
53.000000
22.000000
55.000000
22.000000
22.000000
22.000000
22.000000
22.000000
28.000000
22.000000
22.000000
22.000000
22.000000
60.000000
22.000000
26.000000
22.000000
28.000000
22.000000
22.000000
22.000000
38.000000
22.000000
22.000000
40.000000
22.000000
22.000000
22.000000
22.000000
22.000000
22.000000
22.000000
46.000000
22.000000
22.000000
64.000000
22.000000
22.000000
22.000000
22.000000
22.000000
22.000000
45.000000
22.000000
22.000000
27.000000
22.000000
34.000000
22.000000
22.000000
52.000000
22.000000
50.000000
83.000000
22.000000
22.000000
22.000000
26.000000
27.000000
22.000000
38.000000
22.000000
22.000000
24.000000
27.000000
