90.000000
22.000000
22.000000
22.000000
30.000000
24.000000
22.000000
26.000000
29.000000
22.000000
22.000000
22.000000
22.000000
24.000000
26.000000
26.000000
26.000000
36.000000
22.000000
22.000000
22.000000
24.000000
26.000000
33.000000
22.000000
24.000000
22.000000
22.000000
24.000000
22.000000
26.000000
22.000000
22.000000
22.000000
29.000000
22.000000
22.000000
24.000000
22.000000
22.000000
22.000000
24.000000
22.000000
22.000000
24.000000
42.000000
22.000000
22.000000
22.000000
22.000000
22.000000
24.000000
24.000000
24.000000
31.000000
22.000000
22.000000
22.000000
22.000000
22.000000
36.000000
26.000000
22.000000
68.000000
71.000000
22.000000
49.000000
26.000000
32.000000
36.000000
22.000000
36.000000
22.000000
73.000000
34.000000
45.000000
22.000000
22.000000
24.000000
22.000000
22.000000
22.000000
24.000000
24.000000
24.000000
22.000000
22.000000
38.000000
24.000000
22.000000
24.000000
22.000000
22.000000
22.000000
37.000000
22.000000
22.000000
22.000000
36.000000
22.000000
22.000000
22.000000
22.000000
22.000000
27.000000
22.000000
22.000000
22.000000
22.000000
22.000000
22.000000
57.000000
39.000000
22.000000
73.000000
38.000000
38.000000
22.000000
61.000000
26.000000
