22.000000
22.000000
27.000000
22.000000
27.000000
24.000000
26.000000
22.000000
22.000000
22.000000
22.000000
22.000000
22.000000
27.000000
22.000000
24.000000
22.000000
22.000000
22.000000
22.000000
22.000000
22.000000
27.000000
22.000000
22.000000
22.000000
22.000000
22.000000
22.000000
22.000000
22.000000
22.000000
22.000000
22.000000
24.000000
22.000000
27.000000
22.000000
22.000000
22.000000
22.000000
22.000000
22.000000
27.000000
27.000000
24.000000
22.000000
69.000000
24.000000
27.000000
27.000000
22.000000
24.000000
22.000000
46.000000
22.000000
88.000000
22.000000
100.000000
31.000000
22.000000
27.000000
100.000000
24.000000
22.000000
35.000000
22.000000
22.000000
100.000000
22.000000
22.000000
27.000000
40.000000
47.000000
54.000000
46.000000
22.000000
24.000000
27.000000
22.000000
24.000000
36.000000
100.000000
100.000000
54.000000
22.000000
27.000000
58.000000
22.000000
40.000000
22.000000
22.000000
55.000000
80.000000
41.000000
100.000000
43.000000
85.000000
32.000000
100.000000
22.000000
53.000000
56.000000
54.000000
100.000000
22.000000
30.000000
72.000000
27.000000
42.000000
24.000000
22.000000
22.000000
100.000000
100.000000
22.000000
22.000000
27.000000
27.000000
53.000000
