31.000000
22.000000
22.000000
22.000000
22.000000
29.000000
22.000000
22.000000
22.000000
22.000000
100.000000
24.000000
38.000000
22.000000
30.000000
38.000000
28.000000
31.000000
22.000000
22.000000
22.000000
22.000000
22.000000
22.000000
22.000000
87.000000
22.000000
33.000000
60.000000
22.000000
22.000000
22.000000
26.000000
22.000000
22.000000
22.000000
22.000000
53.000000
40.000000
22.000000
34.000000
26.000000
22.000000
22.000000
100.000000
22.000000
22.000000
26.000000
42.000000
22.000000
22.000000
66.000000
22.000000
22.000000
22.000000
22.000000
22.000000
26.000000
100.000000
48.000000
22.000000
42.000000
28.000000
22.000000
96.000000
52.000000
28.000000
40.000000
22.000000
45.000000
22.000000
22.000000
59.000000
22.000000
22.000000
22.000000
22.000000
22.000000
22.000000
76.000000
47.000000
52.000000
22.000000
22.000000
22.000000
48.000000
22.000000
22.000000
22.000000
22.000000
22.000000
22.000000
22.000000
22.000000
22.000000
22.000000
22.000000
22.000000
22.000000
22.000000
83.000000
22.000000
22.000000
28.000000
100.000000
22.000000
22.000000
44.000000
22.000000
28.000000
38.000000
22.000000
22.000000
22.000000
22.000000
26.000000
44.000000
46.000000
22.000000
22.000000
