22.000000
22.000000
22.000000
22.000000
22.000000
24.000000
22.000000
27.000000
22.000000
24.000000
22.000000
22.000000
22.000000
22.000000
22.000000
22.000000
22.000000
22.000000
22.000000
22.000000
22.000000
22.000000
24.000000
22.000000
27.000000
27.000000
22.000000
22.000000
22.000000
57.000000
22.000000
60.000000
22.000000
22.000000
48.000000
22.000000
22.000000
32.000000
28.000000
59.000000
22.000000
22.000000
85.000000
80.000000
22.000000
22.000000
22.000000
22.000000
22.000000
22.000000
22.000000
22.000000
79.000000
22.000000
22.000000
22.000000
22.000000
22.000000
22.000000
40.000000
22.000000
64.000000
34.000000
22.000000
22.000000
22.000000
28.000000
41.000000
22.000000
22.000000
48.000000
22.000000
22.000000
22.000000
56.000000
40.000000
44.000000
22.000000
22.000000
22.000000
22.000000
22.000000
22.000000
22.000000
36.000000
61.000000
22.000000
22.000000
28.000000
84.000000
22.000000
22.000000
97.000000
36.000000
22.000000
47.000000
45.000000
52.000000
22.000000
22.000000
22.000000
100.000000
28.000000
52.000000
22.000000
22.000000
22.000000
22.000000
22.000000
22.000000
36.000000
22.000000
22.000000
22.000000
22.000000
22.000000
33.000000
22.000000
22.000000
22.000000
