22.000000
27.000000
22.000000
26.000000
24.000000
22.000000
22.000000
22.000000
24.000000
22.000000
22.000000
22.000000
24.000000
22.000000
24.000000
22.000000
22.000000
22.000000
22.000000
71.000000
42.000000
22.000000
22.000000
22.000000
22.000000
22.000000
22.000000
22.000000
65.000000
41.000000
22.000000
83.000000
22.000000
22.000000
22.000000
22.000000
22.000000
22.000000
24.000000
22.000000
27.000000
89.000000
43.000000
62.000000
27.000000
30.000000
43.000000
55.000000
34.000000
22.000000
22.000000
22.000000
48.000000
22.000000
60.000000
24.000000
24.000000
26.000000
27.000000
22.000000
22.000000
24.000000
24.000000
97.000000
46.000000
24.000000
22.000000
24.000000
22.000000
45.000000
43.000000
22.000000
38.000000
24.000000
22.000000
26.000000
22.000000
24.000000
22.000000
24.000000
22.000000
22.000000
68.000000
22.000000
22.000000
24.000000
22.000000
22.000000
48.000000
44.000000
22.000000
43.000000
24.000000
22.000000
40.000000
22.000000
22.000000
24.000000
24.000000
24.000000
24.000000
22.000000
22.000000
27.000000
22.000000
24.000000
36.000000
22.000000
22.000000
39.000000
22.000000
22.000000
83.000000
54.000000
27.000000
22.000000
42.000000
22.000000
22.000000
22.000000
