22.000000
24.000000
24.000000
22.000000
22.000000
22.000000
22.000000
22.000000
24.000000
24.000000
27.000000
22.000000
24.000000
22.000000
27.000000
22.000000
22.000000
58.000000
22.000000
22.000000
22.000000
22.000000
22.000000
39.000000
22.000000
22.000000
52.000000
22.000000
40.000000
22.000000
24.000000
29.000000
22.000000
71.000000
22.000000
22.000000
22.000000
22.000000
50.000000
24.000000
22.000000
36.000000
22.000000
22.000000
24.000000
91.000000
38.000000
22.000000
42.000000
41.000000
28.000000
22.000000
100.000000
44.000000
22.000000
37.000000
22.000000
22.000000
22.000000
22.000000
22.000000
22.000000
22.000000
24.000000
49.000000
33.000000
26.000000
57.000000
22.000000
22.000000
50.000000
22.000000
28.000000
22.000000
22.000000
22.000000
54.000000
22.000000
22.000000
22.000000
22.000000
22.000000
22.000000
60.000000
22.000000
22.000000
22.000000
77.000000
27.000000
52.000000
43.000000
47.000000
22.000000
44.000000
57.000000
37.000000
22.000000
22.000000
39.000000
48.000000
22.000000
22.000000
24.000000
22.000000
22.000000
22.000000
22.000000
22.000000
22.000000
42.000000
22.000000
61.000000
37.000000
22.000000
22.000000
22.000000
100.000000
22.000000
100.000000
22.000000
