22.000000
22.000000
22.000000
22.000000
22.000000
22.000000
22.000000
22.000000
22.000000
22.000000
22.000000
22.000000
22.000000
22.000000
22.000000
22.000000
22.000000
22.000000
22.000000
22.000000
22.000000
22.000000
22.000000
22.000000
22.000000
24.000000
22.000000
22.000000
22.000000
22.000000
22.000000
22.000000
22.000000
22.000000
22.000000
22.000000
22.000000
22.000000
22.000000
22.000000
22.000000
22.000000
22.000000
22.000000
22.000000
24.000000
49.000000
22.000000
22.000000
22.000000
27.000000
22.000000
22.000000
22.000000
93.000000
57.000000
22.000000
46.000000
22.000000
22.000000
100.000000
22.000000
22.000000
55.000000
22.000000
22.000000
22.000000
27.000000
22.000000
68.000000
22.000000
22.000000
22.000000
93.000000
22.000000
41.000000
67.000000
81.000000
22.000000
22.000000
71.000000
22.000000
22.000000
63.000000
22.000000
98.000000
73.000000
61.000000
99.000000
47.000000
22.000000
22.000000
54.000000
55.000000
22.000000
97.000000
100.000000
22.000000
22.000000
22.000000
22.000000
38.000000
93.000000
40.000000
22.000000
100.000000
22.000000
53.000000
22.000000
100.000000
22.000000
22.000000
55.000000
22.000000
22.000000
100.000000
100.000000
84.000000
22.000000
22.000000
