39.000000
22.000000
42.000000
27.000000
34.000000
22.000000
22.000000
22.000000
30.000000
26.000000
26.000000
24.000000
22.000000
26.000000
22.000000
22.000000
22.000000
22.000000
22.000000
22.000000
22.000000
22.000000
22.000000
24.000000
22.000000
22.000000
22.000000
22.000000
22.000000
26.000000
22.000000
22.000000
24.000000
22.000000
24.000000
24.000000
22.000000
22.000000
22.000000
22.000000
22.000000
22.000000
26.000000
26.000000
100.000000
22.000000
52.000000
26.000000
40.000000
22.000000
22.000000
22.000000
22.000000
35.000000
22.000000
22.000000
22.000000
22.000000
22.000000
44.000000
22.000000
70.000000
38.000000
22.000000
22.000000
26.000000
22.000000
22.000000
22.000000
44.000000
22.000000
22.000000
22.000000
34.000000
22.000000
22.000000
22.000000
22.000000
22.000000
71.000000
22.000000
22.000000
44.000000
42.000000
98.000000
22.000000
35.000000
22.000000
22.000000
22.000000
22.000000
22.000000
46.000000
22.000000
22.000000
22.000000
27.000000
80.000000
22.000000
22.000000
22.000000
52.000000
35.000000
22.000000
35.000000
22.000000
22.000000
83.000000
22.000000
22.000000
44.000000
91.000000
22.000000
22.000000
22.000000
24.000000
22.000000
73.000000
22.000000
22.000000
