22.000000
22.000000
22.000000
22.000000
22.000000
22.000000
22.000000
22.000000
22.000000
22.000000
22.000000
22.000000
22.000000
22.000000
100.000000
22.000000
22.000000
22.000000
22.000000
40.000000
69.000000
22.000000
22.000000
27.000000
27.000000
22.000000
22.000000
27.000000
40.000000
22.000000
22.000000
22.000000
22.000000
26.000000
22.000000
22.000000
22.000000
22.000000
37.000000
45.000000
27.000000
22.000000
26.000000
26.000000
24.000000
26.000000
22.000000
26.000000
22.000000
22.000000
22.000000
34.000000
22.000000
26.000000
22.000000
22.000000
24.000000
35.000000
26.000000
24.000000
66.000000
22.000000
100.000000
22.000000
64.000000
22.000000
30.000000
22.000000
41.000000
24.000000
22.000000
22.000000
22.000000
27.000000
22.000000
22.000000
22.000000
22.000000
22.000000
81.000000
22.000000
22.000000
24.000000
22.000000
24.000000
22.000000
55.000000
37.000000
24.000000
69.000000
60.000000
34.000000
68.000000
65.000000
22.000000
22.000000
22.000000
22.000000
24.000000
35.000000
46.000000
22.000000
49.000000
52.000000
37.000000
100.000000
75.000000
57.000000
42.000000
30.000000
22.000000
22.000000
22.000000
22.000000
40.000000
83.000000
22.000000
24.000000
54.000000
22.000000
