22.000000
22.000000
22.000000
22.000000
22.000000
22.000000
22.000000
22.000000
22.000000
24.000000
22.000000
22.000000
22.000000
24.000000
22.000000
22.000000
22.000000
22.000000
24.000000
44.000000
22.000000
57.000000
57.000000
22.000000
22.000000
22.000000
22.000000
22.000000
43.000000
22.000000
22.000000
22.000000
22.000000
94.000000
24.000000
22.000000
51.000000
67.000000
22.000000
22.000000
22.000000
22.000000
100.000000
58.000000
22.000000
22.000000
24.000000
22.000000
46.000000
22.000000
45.000000
24.000000
22.000000
22.000000
22.000000
30.000000
22.000000
22.000000
24.000000
32.000000
22.000000
22.000000
59.000000
22.000000
22.000000
24.000000
43.000000
22.000000
22.000000
22.000000
39.000000
88.000000
30.000000
24.000000
22.000000
60.000000
22.000000
22.000000
22.000000
22.000000
22.000000
22.000000
22.000000
22.000000
56.000000
22.000000
24.000000
22.000000
22.000000
38.000000
22.000000
100.000000
100.000000
22.000000
22.000000
22.000000
80.000000
27.000000
97.000000
22.000000
22.000000
22.000000
22.000000
22.000000
53.000000
81.000000
22.000000
22.000000
22.000000
35.000000
22.000000
42.000000
24.000000
76.000000
22.000000
27.000000
43.000000
32.000000
22.000000
100.000000
