22.000000
22.000000
22.000000
22.000000
39.000000
27.000000
22.000000
22.000000
22.000000
22.000000
22.000000
27.000000
27.000000
22.000000
22.000000
56.000000
50.000000
58.000000
22.000000
22.000000
42.000000
22.000000
30.000000
22.000000
22.000000
54.000000
22.000000
22.000000
42.000000
22.000000
22.000000
22.000000
22.000000
22.000000
39.000000
28.000000
22.000000
22.000000
22.000000
22.000000
43.000000
46.000000
22.000000
66.000000
30.000000
22.000000
22.000000
36.000000
22.000000
22.000000
22.000000
100.000000
22.000000
22.000000
22.000000
22.000000
30.000000
22.000000
22.000000
22.000000
27.000000
34.000000
37.000000
100.000000
27.000000
27.000000
22.000000
27.000000
22.000000
22.000000
28.000000
22.000000
22.000000
22.000000
22.000000
22.000000
63.000000
22.000000
39.000000
22.000000
64.000000
22.000000
22.000000
62.000000
22.000000
22.000000
22.000000
22.000000
22.000000
22.000000
22.000000
27.000000
22.000000
44.000000
27.000000
55.000000
24.000000
22.000000
22.000000
27.000000
22.000000
86.000000
22.000000
22.000000
22.000000
83.000000
22.000000
27.000000
22.000000
22.000000
22.000000
22.000000
32.000000
22.000000
22.000000
27.000000
22.000000
49.000000
22.000000
22.000000
