47.000000
64.000000
22.000000
22.000000
35.000000
22.000000
22.000000
27.000000
22.000000
43.000000
37.000000
22.000000
22.000000
22.000000
28.000000
22.000000
22.000000
22.000000
22.000000
22.000000
22.000000
22.000000
22.000000
22.000000
22.000000
22.000000
22.000000
33.000000
22.000000
22.000000
22.000000
22.000000
22.000000
22.000000
22.000000
38.000000
22.000000
22.000000
22.000000
22.000000
22.000000
22.000000
32.000000
22.000000
22.000000
22.000000
24.000000
37.000000
58.000000
94.000000
41.000000
34.000000
66.000000
22.000000
71.000000
44.000000
22.000000
22.000000
22.000000
30.000000
36.000000
75.000000
48.000000
22.000000
59.000000
34.000000
22.000000
22.000000
22.000000
22.000000
22.000000
76.000000
22.000000
32.000000
22.000000
40.000000
22.000000
22.000000
22.000000
22.000000
22.000000
22.000000
22.000000
22.000000
22.000000
32.000000
22.000000
48.000000
22.000000
22.000000
22.000000
64.000000
67.000000
22.000000
22.000000
33.000000
22.000000
65.000000
30.000000
22.000000
22.000000
37.000000
46.000000
22.000000
22.000000
22.000000
28.000000
22.000000
45.000000
22.000000
22.000000
22.000000
72.000000
22.000000
22.000000
63.000000
22.000000
22.000000
22.000000
22.000000
