22.000000
22.000000
22.000000
22.000000
22.000000
22.000000
22.000000
22.000000
22.000000
22.000000
22.000000
22.000000
22.000000
22.000000
22.000000
22.000000
22.000000
22.000000
22.000000
22.000000
33.000000
22.000000
22.000000
22.000000
22.000000
22.000000
22.000000
22.000000
22.000000
22.000000
22.000000
22.000000
22.000000
22.000000
22.000000
22.000000
22.000000
22.000000
24.000000
22.000000
22.000000
22.000000
22.000000
22.000000
49.000000
22.000000
22.000000
22.000000
27.000000
22.000000
27.000000
27.000000
22.000000
24.000000
27.000000
27.000000
75.000000
22.000000
22.000000
22.000000
22.000000
22.000000
22.000000
22.000000
22.000000
46.000000
22.000000
22.000000
22.000000
22.000000
27.000000
42.000000
22.000000
22.000000
41.000000
43.000000
39.000000
51.000000
42.000000
22.000000
24.000000
22.000000
45.000000
22.000000
22.000000
22.000000
22.000000
42.000000
43.000000
55.000000
27.000000
27.000000
22.000000
43.000000
22.000000
61.000000
48.000000
45.000000
59.000000
28.000000
22.000000
22.000000
22.000000
22.000000
27.000000
22.000000
27.000000
63.000000
24.000000
22.000000
22.000000
27.000000
22.000000
51.000000
22.000000
22.000000
27.000000
22.000000
27.000000
22.000000
