22.000000
22.000000
22.000000
22.000000
22.000000
22.000000
22.000000
24.000000
22.000000
22.000000
24.000000
22.000000
24.000000
22.000000
22.000000
22.000000
22.000000
24.000000
22.000000
22.000000
22.000000
22.000000
22.000000
22.000000
22.000000
27.000000
22.000000
22.000000
100.000000
38.000000
22.000000
22.000000
56.000000
22.000000
22.000000
22.000000
59.000000
28.000000
22.000000
32.000000
27.000000
22.000000
59.000000
34.000000
22.000000
54.000000
38.000000
22.000000
27.000000
22.000000
22.000000
47.000000
56.000000
57.000000
22.000000
44.000000
27.000000
22.000000
36.000000
22.000000
27.000000
37.000000
22.000000
37.000000
22.000000
56.000000
22.000000
22.000000
22.000000
22.000000
50.000000
27.000000
27.000000
24.000000
22.000000
22.000000
22.000000
90.000000
24.000000
22.000000
22.000000
22.000000
22.000000
22.000000
22.000000
31.000000
22.000000
55.000000
47.000000
22.000000
35.000000
22.000000
26.000000
61.000000
45.000000
22.000000
22.000000
22.000000
22.000000
29.000000
35.000000
22.000000
22.000000
37.000000
22.000000
24.000000
22.000000
43.000000
64.000000
22.000000
22.000000
26.000000
26.000000
27.000000
22.000000
27.000000
46.000000
22.000000
22.000000
53.000000
