22.000000
22.000000
22.000000
22.000000
22.000000
22.000000
22.000000
22.000000
22.000000
22.000000
22.000000
22.000000
22.000000
22.000000
22.000000
22.000000
22.000000
22.000000
22.000000
22.000000
22.000000
22.000000
22.000000
22.000000
22.000000
22.000000
22.000000
22.000000
22.000000
22.000000
22.000000
22.000000
22.000000
22.000000
26.000000
27.000000
22.000000
35.000000
35.000000
24.000000
22.000000
27.000000
36.000000
37.000000
35.000000
40.000000
22.000000
84.000000
24.000000
22.000000
22.000000
22.000000
22.000000
22.000000
22.000000
37.000000
22.000000
53.000000
22.000000
42.000000
22.000000
27.000000
22.000000
32.000000
22.000000
22.000000
22.000000
50.000000
63.000000
22.000000
22.000000
22.000000
22.000000
37.000000
34.000000
22.000000
30.000000
22.000000
22.000000
35.000000
22.000000
24.000000
22.000000
34.000000
26.000000
22.000000
22.000000
26.000000
22.000000
22.000000
22.000000
22.000000
22.000000
22.000000
22.000000
27.000000
22.000000
22.000000
22.000000
22.000000
22.000000
26.000000
27.000000
22.000000
77.000000
22.000000
22.000000
42.000000
24.000000
56.000000
22.000000
100.000000
38.000000
22.000000
22.000000
70.000000
38.000000
22.000000
28.000000
22.000000
