22.000000
22.000000
22.000000
22.000000
22.000000
22.000000
22.000000
22.000000
22.000000
22.000000
22.000000
22.000000
24.000000
22.000000
22.000000
24.000000
22.000000
22.000000
49.000000
60.000000
22.000000
22.000000
24.000000
24.000000
27.000000
22.000000
22.000000
59.000000
22.000000
24.000000
29.000000
22.000000
22.000000
22.000000
22.000000
22.000000
42.000000
22.000000
40.000000
22.000000
22.000000
53.000000
22.000000
22.000000
35.000000
22.000000
41.000000
22.000000
22.000000
75.000000
22.000000
24.000000
41.000000
37.000000
40.000000
46.000000
22.000000
22.000000
75.000000
42.000000
22.000000
22.000000
22.000000
22.000000
43.000000
22.000000
22.000000
45.000000
34.000000
22.000000
33.000000
73.000000
22.000000
60.000000
22.000000
22.000000
24.000000
22.000000
22.000000
22.000000
22.000000
42.000000
26.000000
22.000000
22.000000
22.000000
22.000000
48.000000
22.000000
34.000000
22.000000
92.000000
28.000000
22.000000
22.000000
33.000000
35.000000
22.000000
33.000000
22.000000
27.000000
22.000000
22.000000
60.000000
45.000000
22.000000
22.000000
22.000000
27.000000
22.000000
22.000000
83.000000
22.000000
72.000000
32.000000
79.000000
22.000000
41.000000
82.000000
54.000000
