22.000000
22.000000
22.000000
22.000000
22.000000
22.000000
22.000000
22.000000
22.000000
22.000000
22.000000
22.000000
22.000000
22.000000
22.000000
22.000000
22.000000
22.000000
24.000000
22.000000
22.000000
22.000000
22.000000
22.000000
24.000000
22.000000
24.000000
22.000000
22.000000
22.000000
22.000000
22.000000
22.000000
22.000000
22.000000
22.000000
22.000000
22.000000
22.000000
22.000000
22.000000
22.000000
22.000000
22.000000
22.000000
22.000000
22.000000
22.000000
22.000000
22.000000
22.000000
22.000000
22.000000
22.000000
22.000000
22.000000
22.000000
22.000000
27.000000
66.000000
27.000000
22.000000
30.000000
58.000000
22.000000
22.000000
22.000000
22.000000
22.000000
22.000000
62.000000
22.000000
46.000000
22.000000
57.000000
22.000000
48.000000
74.000000
22.000000
22.000000
49.000000
59.000000
49.000000
29.000000
22.000000
54.000000
100.000000
22.000000
22.000000
22.000000
22.000000
22.000000
22.000000
44.000000
81.000000
22.000000
22.000000
22.000000
94.000000
22.000000
61.000000
73.000000
22.000000
22.000000
22.000000
22.000000
62.000000
22.000000
88.000000
22.000000
22.000000
39.000000
60.000000
34.000000
46.000000
22.000000
35.000000
71.000000
22.000000
22.000000
