22.000000
22.000000
22.000000
22.000000
22.000000
22.000000
22.000000
22.000000
22.000000
22.000000
22.000000
22.000000
22.000000
22.000000
22.000000
22.000000
22.000000
22.000000
22.000000
37.000000
22.000000
22.000000
22.000000
22.000000
22.000000
22.000000
22.000000
22.000000
22.000000
22.000000
22.000000
22.000000
22.000000
51.000000
27.000000
46.000000
22.000000
22.000000
22.000000
22.000000
22.000000
22.000000
22.000000
22.000000
41.000000
57.000000
36.000000
22.000000
22.000000
22.000000
27.000000
22.000000
36.000000
22.000000
40.000000
59.000000
22.000000
40.000000
22.000000
61.000000
57.000000
26.000000
71.000000
26.000000
22.000000
22.000000
22.000000
22.000000
22.000000
22.000000
22.000000
22.000000
27.000000
67.000000
29.000000
27.000000
27.000000
40.000000
22.000000
45.000000
24.000000
22.000000
22.000000
22.000000
22.000000
72.000000
36.000000
22.000000
52.000000
27.000000
65.000000
22.000000
22.000000
24.000000
22.000000
24.000000
22.000000
39.000000
22.000000
22.000000
22.000000
27.000000
22.000000
22.000000
27.000000
22.000000
22.000000
22.000000
27.000000
60.000000
22.000000
22.000000
38.000000
68.000000
22.000000
22.000000
49.000000
24.000000
22.000000
22.000000
