22.000000
24.000000
22.000000
22.000000
22.000000
22.000000
22.000000
24.000000
27.000000
27.000000
22.000000
22.000000
24.000000
22.000000
22.000000
22.000000
24.000000
22.000000
22.000000
22.000000
22.000000
22.000000
24.000000
22.000000
57.000000
22.000000
22.000000
55.000000
22.000000
22.000000
22.000000
22.000000
24.000000
22.000000
64.000000
22.000000
22.000000
22.000000
24.000000
29.000000
26.000000
27.000000
22.000000
26.000000
30.000000
22.000000
22.000000
34.000000
44.000000
22.000000
45.000000
22.000000
22.000000
22.000000
22.000000
37.000000
22.000000
22.000000
22.000000
22.000000
22.000000
22.000000
56.000000
52.000000
22.000000
22.000000
31.000000
52.000000
26.000000
22.000000
22.000000
22.000000
48.000000
22.000000
24.000000
27.000000
54.000000
22.000000
22.000000
22.000000
39.000000
24.000000
100.000000
22.000000
22.000000
22.000000
22.000000
52.000000
22.000000
48.000000
22.000000
22.000000
22.000000
73.000000
27.000000
70.000000
22.000000
24.000000
70.000000
27.000000
34.000000
70.000000
22.000000
87.000000
50.000000
26.000000
27.000000
27.000000
27.000000
22.000000
22.000000
22.000000
24.000000
43.000000
22.000000
27.000000
22.000000
36.000000
22.000000
55.000000
