24.000000
22.000000
27.000000
22.000000
22.000000
24.000000
22.000000
22.000000
24.000000
22.000000
22.000000
22.000000
22.000000
22.000000
22.000000
22.000000
22.000000
22.000000
22.000000
24.000000
22.000000
22.000000
22.000000
22.000000
22.000000
27.000000
24.000000
22.000000
22.000000
27.000000
22.000000
26.000000
22.000000
39.000000
22.000000
27.000000
22.000000
22.000000
22.000000
27.000000
24.000000
22.000000
22.000000
22.000000
27.000000
22.000000
22.000000
22.000000
22.000000
22.000000
28.000000
22.000000
22.000000
22.000000
22.000000
24.000000
22.000000
46.000000
22.000000
22.000000
63.000000
22.000000
33.000000
52.000000
22.000000
22.000000
39.000000
22.000000
22.000000
22.000000
47.000000
24.000000
38.000000
22.000000
22.000000
22.000000
26.000000
22.000000
22.000000
22.000000
22.000000
48.000000
26.000000
22.000000
22.000000
22.000000
22.000000
37.000000
26.000000
22.000000
22.000000
22.000000
22.000000
22.000000
22.000000
22.000000
29.000000
22.000000
27.000000
22.000000
22.000000
22.000000
58.000000
24.000000
22.000000
48.000000
22.000000
22.000000
22.000000
45.000000
22.000000
22.000000
37.000000
34.000000
22.000000
39.000000
26.000000
22.000000
22.000000
22.000000
