24.000000
22.000000
22.000000
22.000000
22.000000
27.000000
24.000000
22.000000
24.000000
22.000000
22.000000
22.000000
27.000000
22.000000
22.000000
22.000000
22.000000
22.000000
24.000000
42.000000
71.000000
22.000000
22.000000
22.000000
22.000000
22.000000
22.000000
40.000000
50.000000
22.000000
89.000000
22.000000
33.000000
22.000000
33.000000
22.000000
22.000000
50.000000
62.000000
59.000000
22.000000
22.000000
39.000000
22.000000
22.000000
22.000000
22.000000
22.000000
27.000000
22.000000
22.000000
26.000000
22.000000
22.000000
98.000000
22.000000
22.000000
48.000000
22.000000
27.000000
22.000000
59.000000
42.000000
40.000000
22.000000
22.000000
100.000000
22.000000
39.000000
22.000000
22.000000
22.000000
63.000000
22.000000
22.000000
22.000000
22.000000
22.000000
22.000000
22.000000
22.000000
61.000000
22.000000
22.000000
22.000000
22.000000
70.000000
22.000000
43.000000
43.000000
54.000000
22.000000
55.000000
22.000000
22.000000
22.000000
22.000000
35.000000
72.000000
22.000000
22.000000
22.000000
100.000000
72.000000
22.000000
26.000000
22.000000
22.000000
22.000000
22.000000
54.000000
22.000000
32.000000
27.000000
22.000000
22.000000
22.000000
22.000000
28.000000
26.000000
