27.000000
22.000000
22.000000
22.000000
22.000000
22.000000
22.000000
22.000000
22.000000
22.000000
22.000000
22.000000
22.000000
22.000000
22.000000
22.000000
22.000000
22.000000
22.000000
24.000000
24.000000
22.000000
22.000000
24.000000
24.000000
22.000000
22.000000
22.000000
22.000000
33.000000
22.000000
22.000000
22.000000
22.000000
22.000000
35.000000
22.000000
22.000000
24.000000
24.000000
22.000000
22.000000
22.000000
22.000000
22.000000
27.000000
22.000000
22.000000
22.000000
22.000000
22.000000
22.000000
22.000000
22.000000
90.000000
22.000000
44.000000
22.000000
22.000000
64.000000
22.000000
22.000000
22.000000
35.000000
27.000000
22.000000
22.000000
22.000000
31.000000
33.000000
22.000000
22.000000
58.000000
74.000000
50.000000
22.000000
22.000000
33.000000
22.000000
22.000000
22.000000
22.000000
22.000000
36.000000
33.000000
22.000000
22.000000
22.000000
22.000000
32.000000
22.000000
22.000000
22.000000
27.000000
22.000000
100.000000
53.000000
27.000000
42.000000
22.000000
22.000000
53.000000
22.000000
22.000000
22.000000
22.000000
53.000000
63.000000
44.000000
22.000000
22.000000
68.000000
22.000000
22.000000
54.000000
22.000000
29.000000
22.000000
22.000000
22.000000
