22.000000
27.000000
27.000000
22.000000
24.000000
22.000000
22.000000
22.000000
22.000000
33.000000
22.000000
22.000000
22.000000
22.000000
22.000000
22.000000
22.000000
27.000000
22.000000
22.000000
22.000000
22.000000
27.000000
22.000000
22.000000
22.000000
22.000000
22.000000
22.000000
27.000000
22.000000
22.000000
24.000000
22.000000
27.000000
24.000000
22.000000
22.000000
22.000000
22.000000
22.000000
22.000000
22.000000
22.000000
22.000000
22.000000
22.000000
22.000000
22.000000
29.000000
27.000000
22.000000
22.000000
22.000000
26.000000
22.000000
22.000000
22.000000
22.000000
24.000000
30.000000
64.000000
22.000000
27.000000
77.000000
22.000000
72.000000
59.000000
22.000000
22.000000
22.000000
30.000000
42.000000
22.000000
22.000000
26.000000
22.000000
32.000000
22.000000
22.000000
22.000000
22.000000
29.000000
47.000000
52.000000
22.000000
28.000000
22.000000
22.000000
47.000000
44.000000
34.000000
22.000000
22.000000
22.000000
22.000000
22.000000
22.000000
35.000000
22.000000
22.000000
22.000000
49.000000
45.000000
31.000000
22.000000
22.000000
40.000000
27.000000
22.000000
22.000000
22.000000
22.000000
39.000000
22.000000
31.000000
28.000000
32.000000
22.000000
22.000000
