27.000000
22.000000
22.000000
22.000000
22.000000
27.000000
22.000000
22.000000
24.000000
22.000000
22.000000
22.000000
22.000000
22.000000
22.000000
22.000000
22.000000
22.000000
22.000000
22.000000
22.000000
22.000000
22.000000
69.000000
22.000000
22.000000
22.000000
27.000000
22.000000
22.000000
48.000000
22.000000
22.000000
22.000000
22.000000
22.000000
35.000000
43.000000
59.000000
28.000000
22.000000
22.000000
22.000000
22.000000
39.000000
22.000000
66.000000
96.000000
47.000000
22.000000
22.000000
54.000000
22.000000
22.000000
100.000000
22.000000
33.000000
85.000000
22.000000
22.000000
22.000000
22.000000
38.000000
22.000000
22.000000
22.000000
22.000000
22.000000
22.000000
22.000000
47.000000
31.000000
22.000000
22.000000
22.000000
22.000000
22.000000
41.000000
22.000000
22.000000
39.000000
22.000000
26.000000
22.000000
51.000000
31.000000
22.000000
22.000000
100.000000
22.000000
38.000000
22.000000
22.000000
51.000000
22.000000
68.000000
22.000000
22.000000
22.000000
47.000000
22.000000
74.000000
22.000000
100.000000
70.000000
22.000000
22.000000
22.000000
51.000000
22.000000
22.000000
26.000000
22.000000
38.000000
22.000000
46.000000
36.000000
72.000000
47.000000
35.000000
