22.000000
22.000000
22.000000
22.000000
22.000000
22.000000
22.000000
22.000000
22.000000
22.000000
22.000000
22.000000
26.000000
22.000000
22.000000
38.000000
24.000000
22.000000
22.000000
24.000000
27.000000
26.000000
22.000000
22.000000
22.000000
31.000000
37.000000
22.000000
22.000000
22.000000
27.000000
22.000000
22.000000
22.000000
24.000000
24.000000
31.000000
22.000000
22.000000
22.000000
22.000000
75.000000
27.000000
22.000000
22.000000
43.000000
22.000000
22.000000
22.000000
22.000000
33.000000
22.000000
22.000000
29.000000
22.000000
83.000000
22.000000
68.000000
22.000000
22.000000
24.000000
22.000000
22.000000
22.000000
27.000000
22.000000
22.000000
43.000000
22.000000
22.000000
47.000000
34.000000
40.000000
22.000000
39.000000
47.000000
22.000000
36.000000
35.000000
22.000000
100.000000
22.000000
22.000000
22.000000
22.000000
43.000000
33.000000
24.000000
27.000000
76.000000
31.000000
47.000000
68.000000
22.000000
22.000000
22.000000
22.000000
22.000000
22.000000
22.000000
22.000000
22.000000
22.000000
60.000000
22.000000
22.000000
22.000000
33.000000
22.000000
35.000000
22.000000
22.000000
61.000000
33.000000
35.000000
22.000000
22.000000
44.000000
22.000000
28.000000
