22.000000
22.000000
27.000000
22.000000
22.000000
22.000000
22.000000
22.000000
22.000000
22.000000
43.000000
32.000000
22.000000
22.000000
22.000000
28.000000
22.000000
38.000000
22.000000
41.000000
69.000000
22.000000
22.000000
59.000000
45.000000
22.000000
22.000000
22.000000
34.000000
28.000000
22.000000
22.000000
98.000000
22.000000
22.000000
22.000000
22.000000
22.000000
22.000000
22.000000
24.000000
22.000000
22.000000
22.000000
22.000000
22.000000
22.000000
22.000000
34.000000
22.000000
57.000000
22.000000
22.000000
33.000000
31.000000
51.000000
31.000000
22.000000
22.000000
30.000000
22.000000
22.000000
22.000000
28.000000
22.000000
22.000000
22.000000
40.000000
22.000000
22.000000
22.000000
22.000000
30.000000
53.000000
42.000000
65.000000
50.000000
24.000000
22.000000
22.000000
32.000000
68.000000
71.000000
48.000000
41.000000
49.000000
22.000000
100.000000
22.000000
22.000000
22.000000
22.000000
22.000000
22.000000
27.000000
49.000000
34.000000
77.000000
72.000000
22.000000
80.000000
22.000000
22.000000
100.000000
22.000000
22.000000
66.000000
22.000000
31.000000
22.000000
31.000000
22.000000
22.000000
22.000000
27.000000
22.000000
40.000000
22.000000
22.000000
22.000000
