22.000000
22.000000
24.000000
22.000000
22.000000
22.000000
22.000000
26.000000
22.000000
22.000000
24.000000
22.000000
22.000000
22.000000
24.000000
22.000000
22.000000
22.000000
22.000000
22.000000
22.000000
96.000000
46.000000
22.000000
77.000000
24.000000
22.000000
22.000000
100.000000
22.000000
22.000000
22.000000
22.000000
22.000000
22.000000
22.000000
22.000000
45.000000
22.000000
34.000000
22.000000
22.000000
22.000000
35.000000
24.000000
29.000000
27.000000
22.000000
61.000000
22.000000
50.000000
22.000000
84.000000
22.000000
22.000000
37.000000
24.000000
24.000000
22.000000
31.000000
68.000000
22.000000
22.000000
22.000000
22.000000
22.000000
28.000000
32.000000
100.000000
75.000000
22.000000
22.000000
74.000000
22.000000
22.000000
56.000000
41.000000
22.000000
22.000000
42.000000
22.000000
22.000000
67.000000
22.000000
24.000000
22.000000
22.000000
22.000000
22.000000
22.000000
48.000000
22.000000
22.000000
30.000000
22.000000
22.000000
27.000000
66.000000
22.000000
53.000000
22.000000
100.000000
24.000000
22.000000
22.000000
22.000000
22.000000
22.000000
62.000000
22.000000
41.000000
22.000000
100.000000
74.000000
74.000000
22.000000
22.000000
50.000000
22.000000
26.000000
