24.000000
22.000000
24.000000
22.000000
22.000000
22.000000
27.000000
22.000000
22.000000
22.000000
22.000000
22.000000
22.000000
22.000000
22.000000
24.000000
22.000000
24.000000
22.000000
22.000000
22.000000
24.000000
22.000000
22.000000
22.000000
59.000000
22.000000
22.000000
22.000000
22.000000
22.000000
22.000000
22.000000
24.000000
46.000000
24.000000
22.000000
22.000000
22.000000
22.000000
29.000000
42.000000
22.000000
22.000000
27.000000
22.000000
22.000000
63.000000
24.000000
44.000000
22.000000
24.000000
38.000000
22.000000
35.000000
53.000000
74.000000
43.000000
61.000000
48.000000
22.000000
22.000000
22.000000
22.000000
68.000000
22.000000
100.000000
22.000000
22.000000
36.000000
24.000000
63.000000
22.000000
22.000000
22.000000
22.000000
27.000000
22.000000
22.000000
34.000000
22.000000
27.000000
22.000000
43.000000
22.000000
39.000000
22.000000
22.000000
26.000000
41.000000
22.000000
37.000000
22.000000
27.000000
22.000000
22.000000
22.000000
45.000000
40.000000
22.000000
30.000000
76.000000
22.000000
22.000000
22.000000
22.000000
38.000000
24.000000
22.000000
22.000000
24.000000
24.000000
27.000000
22.000000
35.000000
22.000000
22.000000
22.000000
24.000000
22.000000
