22.000000
22.000000
22.000000
22.000000
22.000000
22.000000
22.000000
27.000000
27.000000
22.000000
22.000000
22.000000
22.000000
27.000000
22.000000
24.000000
27.000000
22.000000
22.000000
22.000000
26.000000
39.000000
50.000000
22.000000
22.000000
22.000000
22.000000
22.000000
22.000000
22.000000
22.000000
22.000000
22.000000
22.000000
22.000000
22.000000
24.000000
22.000000
22.000000
27.000000
28.000000
35.000000
22.000000
22.000000
36.000000
22.000000
36.000000
22.000000
24.000000
39.000000
38.000000
22.000000
27.000000
27.000000
22.000000
22.000000
22.000000
22.000000
22.000000
22.000000
22.000000
22.000000
30.000000
69.000000
22.000000
50.000000
22.000000
22.000000
22.000000
100.000000
31.000000
100.000000
22.000000
78.000000
22.000000
22.000000
22.000000
48.000000
39.000000
22.000000
22.000000
46.000000
44.000000
22.000000
22.000000
22.000000
22.000000
22.000000
48.000000
58.000000
22.000000
39.000000
39.000000
22.000000
70.000000
22.000000
22.000000
56.000000
38.000000
44.000000
22.000000
22.000000
100.000000
22.000000
38.000000
24.000000
37.000000
36.000000
22.000000
22.000000
27.000000
22.000000
78.000000
22.000000
41.000000
22.000000
96.000000
39.000000
22.000000
32.000000
