22.000000
22.000000
22.000000
24.000000
22.000000
22.000000
22.000000
22.000000
22.000000
22.000000
22.000000
24.000000
22.000000
22.000000
22.000000
22.000000
22.000000
22.000000
22.000000
22.000000
22.000000
22.000000
27.000000
22.000000
57.000000
50.000000
22.000000
27.000000
22.000000
27.000000
22.000000
27.000000
22.000000
22.000000
22.000000
22.000000
22.000000
27.000000
22.000000
22.000000
24.000000
22.000000
22.000000
22.000000
22.000000
22.000000
22.000000
22.000000
22.000000
47.000000
22.000000
22.000000
22.000000
22.000000
22.000000
22.000000
22.000000
22.000000
22.000000
22.000000
89.000000
22.000000
22.000000
22.000000
22.000000
22.000000
27.000000
26.000000
22.000000
22.000000
22.000000
76.000000
22.000000
22.000000
22.000000
22.000000
53.000000
22.000000
22.000000
22.000000
22.000000
22.000000
22.000000
100.000000
27.000000
22.000000
27.000000
22.000000
41.000000
22.000000
22.000000
22.000000
22.000000
22.000000
22.000000
22.000000
22.000000
26.000000
22.000000
22.000000
22.000000
22.000000
22.000000
27.000000
22.000000
22.000000
22.000000
22.000000
22.000000
27.000000
24.000000
27.000000
22.000000
24.000000
22.000000
27.000000
22.000000
31.000000
22.000000
22.000000
