22.000000
22.000000
22.000000
22.000000
24.000000
33.000000
22.000000
22.000000
24.000000
22.000000
22.000000
26.000000
26.000000
22.000000
22.000000
22.000000
22.000000
22.000000
38.000000
22.000000
22.000000
22.000000
22.000000
22.000000
22.000000
24.000000
24.000000
22.000000
22.000000
22.000000
22.000000
22.000000
22.000000
24.000000
22.000000
22.000000
22.000000
22.000000
36.000000
22.000000
22.000000
33.000000
22.000000
22.000000
22.000000
22.000000
22.000000
39.000000
22.000000
24.000000
22.000000
22.000000
22.000000
22.000000
24.000000
22.000000
22.000000
22.000000
26.000000
22.000000
24.000000
22.000000
24.000000
22.000000
22.000000
22.000000
24.000000
22.000000
24.000000
22.000000
22.000000
22.000000
22.000000
22.000000
27.000000
22.000000
44.000000
22.000000
22.000000
22.000000
22.000000
22.000000
22.000000
27.000000
29.000000
74.000000
92.000000
27.000000
22.000000
40.000000
27.000000
22.000000
22.000000
22.000000
35.000000
26.000000
43.000000
22.000000
22.000000
22.000000
50.000000
77.000000
22.000000
65.000000
22.000000
22.000000
22.000000
22.000000
85.000000
33.000000
82.000000
22.000000
22.000000
76.000000
27.000000
22.000000
84.000000
22.000000
22.000000
40.000000
