22.000000
22.000000
24.000000
22.000000
22.000000
22.000000
24.000000
24.000000
27.000000
22.000000
22.000000
22.000000
27.000000
22.000000
22.000000
22.000000
22.000000
22.000000
22.000000
22.000000
41.000000
27.000000
22.000000
22.000000
24.000000
31.000000
22.000000
24.000000
22.000000
58.000000
24.000000
27.000000
37.000000
22.000000
98.000000
61.000000
24.000000
31.000000
27.000000
24.000000
22.000000
22.000000
100.000000
75.000000
50.000000
27.000000
67.000000
100.000000
43.000000
22.000000
37.000000
41.000000
22.000000
100.000000
38.000000
61.000000
22.000000
27.000000
43.000000
100.000000
65.000000
50.000000
100.000000
100.000000
71.000000
38.000000
100.000000
71.000000
31.000000
100.000000
34.000000
24.000000
90.000000
24.000000
22.000000
40.000000
100.000000
72.000000
31.000000
87.000000
51.000000
100.000000
71.000000
41.000000
100.000000
22.000000
90.000000
22.000000
76.000000
50.000000
22.000000
100.000000
100.000000
100.000000
100.000000
78.000000
100.000000
100.000000
24.000000
90.000000
100.000000
22.000000
100.000000
100.000000
100.000000
56.000000
51.000000
100.000000
54.000000
100.000000
100.000000
81.000000
30.000000
100.000000
100.000000
88.000000
80.000000
62.000000
63.000000
24.000000
