24.000000
22.000000
22.000000
22.000000
22.000000
24.000000
22.000000
22.000000
26.000000
22.000000
24.000000
22.000000
22.000000
22.000000
22.000000
33.000000
24.000000
49.000000
22.000000
22.000000
22.000000
22.000000
38.000000
38.000000
24.000000
24.000000
22.000000
22.000000
22.000000
24.000000
27.000000
24.000000
24.000000
22.000000
22.000000
22.000000
22.000000
32.000000
22.000000
22.000000
24.000000
27.000000
22.000000
27.000000
27.000000
22.000000
22.000000
37.000000
22.000000
27.000000
22.000000
27.000000
27.000000
85.000000
24.000000
22.000000
76.000000
22.000000
22.000000
75.000000
22.000000
100.000000
27.000000
27.000000
22.000000
57.000000
27.000000
27.000000
99.000000
22.000000
33.000000
100.000000
27.000000
100.000000
33.000000
100.000000
35.000000
100.000000
24.000000
33.000000
59.000000
46.000000
96.000000
100.000000
22.000000
100.000000
74.000000
64.000000
39.000000
93.000000
72.000000
74.000000
100.000000
88.000000
47.000000
100.000000
22.000000
100.000000
22.000000
100.000000
100.000000
52.000000
32.000000
22.000000
76.000000
24.000000
50.000000
29.000000
31.000000
100.000000
22.000000
100.000000
69.000000
93.000000
94.000000
100.000000
100.000000
40.000000
92.000000
94.000000
