22.000000
22.000000
22.000000
24.000000
22.000000
22.000000
22.000000
22.000000
53.000000
22.000000
22.000000
22.000000
22.000000
22.000000
22.000000
22.000000
22.000000
22.000000
27.000000
22.000000
27.000000
22.000000
22.000000
51.000000
43.000000
30.000000
38.000000
22.000000
33.000000
22.000000
48.000000
24.000000
27.000000
22.000000
27.000000
27.000000
24.000000
38.000000
22.000000
22.000000
22.000000
22.000000
27.000000
22.000000
33.000000
27.000000
22.000000
22.000000
22.000000
70.000000
22.000000
22.000000
22.000000
27.000000
24.000000
27.000000
24.000000
24.000000
40.000000
22.000000
38.000000
22.000000
55.000000
57.000000
50.000000
24.000000
30.000000
22.000000
22.000000
99.000000
68.000000
100.000000
30.000000
27.000000
100.000000
51.000000
22.000000
100.000000
96.000000
58.000000
53.000000
22.000000
100.000000
59.000000
22.000000
98.000000
53.000000
24.000000
24.000000
27.000000
22.000000
50.000000
100.000000
100.000000
50.000000
100.000000
100.000000
86.000000
90.000000
22.000000
100.000000
52.000000
89.000000
100.000000
22.000000
88.000000
100.000000
24.000000
55.000000
52.000000
100.000000
100.000000
27.000000
80.000000
100.000000
44.000000
24.000000
89.000000
84.000000
100.000000
