24.000000
22.000000
22.000000
22.000000
22.000000
24.000000
22.000000
22.000000
22.000000
26.000000
28.000000
24.000000
22.000000
22.000000
22.000000
22.000000
24.000000
22.000000
22.000000
22.000000
22.000000
22.000000
22.000000
74.000000
22.000000
22.000000
47.000000
50.000000
22.000000
56.000000
22.000000
49.000000
30.000000
24.000000
22.000000
22.000000
22.000000
24.000000
24.000000
55.000000
22.000000
24.000000
24.000000
55.000000
92.000000
22.000000
24.000000
35.000000
24.000000
24.000000
81.000000
22.000000
30.000000
93.000000
98.000000
73.000000
22.000000
34.000000
24.000000
32.000000
37.000000
100.000000
55.000000
85.000000
65.000000
22.000000
24.000000
24.000000
60.000000
22.000000
100.000000
53.000000
30.000000
24.000000
100.000000
51.000000
24.000000
54.000000
100.000000
100.000000
49.000000
71.000000
30.000000
22.000000
24.000000
49.000000
38.000000
32.000000
35.000000
31.000000
24.000000
32.000000
31.000000
100.000000
97.000000
94.000000
24.000000
100.000000
42.000000
24.000000
22.000000
53.000000
42.000000
67.000000
100.000000
100.000000
24.000000
24.000000
100.000000
22.000000
22.000000
100.000000
24.000000
35.000000
24.000000
24.000000
62.000000
63.000000
58.000000
41.000000
