22.000000
22.000000
22.000000
22.000000
24.000000
22.000000
22.000000
22.000000
22.000000
22.000000
22.000000
22.000000
55.000000
22.000000
22.000000
22.000000
30.000000
22.000000
22.000000
29.000000
27.000000
22.000000
22.000000
41.000000
22.000000
22.000000
35.000000
24.000000
22.000000
45.000000
22.000000
36.000000
53.000000
22.000000
35.000000
22.000000
88.000000
24.000000
24.000000
27.000000
24.000000
24.000000
43.000000
22.000000
73.000000
22.000000
50.000000
22.000000
22.000000
44.000000
53.000000
31.000000
48.000000
30.000000
22.000000
22.000000
22.000000
22.000000
35.000000
27.000000
22.000000
47.000000
22.000000
22.000000
22.000000
57.000000
90.000000
68.000000
22.000000
22.000000
22.000000
22.000000
27.000000
51.000000
22.000000
22.000000
22.000000
49.000000
40.000000
30.000000
52.000000
22.000000
22.000000
33.000000
52.000000
44.000000
52.000000
100.000000
100.000000
22.000000
72.000000
43.000000
22.000000
83.000000
52.000000
22.000000
100.000000
70.000000
30.000000
41.000000
22.000000
40.000000
22.000000
22.000000
22.000000
76.000000
42.000000
100.000000
79.000000
40.000000
22.000000
48.000000
40.000000
22.000000
53.000000
57.000000
76.000000
67.000000
22.000000
47.000000
