22.000000
22.000000
24.000000
22.000000
22.000000
22.000000
26.000000
24.000000
22.000000
22.000000
24.000000
22.000000
22.000000
22.000000
22.000000
24.000000
22.000000
22.000000
22.000000
24.000000
27.000000
24.000000
35.000000
24.000000
22.000000
22.000000
22.000000
22.000000
22.000000
24.000000
22.000000
24.000000
22.000000
24.000000
22.000000
22.000000
57.000000
53.000000
73.000000
24.000000
40.000000
41.000000
79.000000
33.000000
24.000000
22.000000
42.000000
39.000000
38.000000
91.000000
32.000000
100.000000
22.000000
75.000000
24.000000
41.000000
57.000000
83.000000
30.000000
45.000000
33.000000
53.000000
22.000000
22.000000
100.000000
34.000000
35.000000
24.000000
65.000000
47.000000
77.000000
24.000000
79.000000
42.000000
49.000000
98.000000
100.000000
24.000000
32.000000
56.000000
31.000000
44.000000
32.000000
69.000000
51.000000
47.000000
43.000000
31.000000
24.000000
94.000000
100.000000
46.000000
31.000000
52.000000
42.000000
53.000000
68.000000
22.000000
75.000000
24.000000
75.000000
100.000000
65.000000
63.000000
47.000000
43.000000
44.000000
100.000000
45.000000
70.000000
45.000000
69.000000
24.000000
46.000000
100.000000
47.000000
100.000000
52.000000
97.000000
100.000000
