22.000000
27.000000
22.000000
27.000000
26.000000
22.000000
22.000000
22.000000
24.000000
22.000000
22.000000
24.000000
22.000000
22.000000
22.000000
22.000000
22.000000
22.000000
22.000000
22.000000
22.000000
22.000000
22.000000
22.000000
22.000000
22.000000
22.000000
24.000000
24.000000
22.000000
22.000000
22.000000
22.000000
22.000000
22.000000
27.000000
49.000000
30.000000
22.000000
30.000000
22.000000
49.000000
22.000000
22.000000
32.000000
24.000000
51.000000
59.000000
24.000000
22.000000
73.000000
27.000000
40.000000
37.000000
37.000000
22.000000
22.000000
56.000000
54.000000
30.000000
22.000000
30.000000
100.000000
22.000000
49.000000
75.000000
22.000000
63.000000
74.000000
24.000000
27.000000
22.000000
100.000000
88.000000
57.000000
49.000000
35.000000
100.000000
99.000000
66.000000
100.000000
27.000000
44.000000
63.000000
22.000000
73.000000
100.000000
91.000000
64.000000
56.000000
22.000000
22.000000
34.000000
53.000000
67.000000
22.000000
61.000000
67.000000
22.000000
46.000000
92.000000
22.000000
31.000000
100.000000
100.000000
22.000000
55.000000
22.000000
62.000000
22.000000
77.000000
100.000000
45.000000
32.000000
100.000000
100.000000
100.000000
74.000000
22.000000
100.000000
