22.000000
22.000000
22.000000
22.000000
22.000000
22.000000
22.000000
22.000000
22.000000
22.000000
24.000000
22.000000
24.000000
22.000000
22.000000
24.000000
22.000000
24.000000
22.000000
27.000000
22.000000
37.000000
24.000000
22.000000
22.000000
35.000000
22.000000
22.000000
22.000000
22.000000
27.000000
39.000000
22.000000
22.000000
22.000000
48.000000
50.000000
22.000000
24.000000
61.000000
24.000000
22.000000
22.000000
76.000000
22.000000
63.000000
24.000000
33.000000
31.000000
22.000000
24.000000
84.000000
31.000000
24.000000
24.000000
22.000000
38.000000
27.000000
100.000000
22.000000
38.000000
41.000000
24.000000
22.000000
93.000000
24.000000
75.000000
70.000000
49.000000
61.000000
93.000000
22.000000
100.000000
30.000000
30.000000
73.000000
59.000000
84.000000
24.000000
51.000000
42.000000
100.000000
24.000000
35.000000
37.000000
22.000000
68.000000
77.000000
24.000000
81.000000
24.000000
36.000000
24.000000
35.000000
95.000000
39.000000
24.000000
69.000000
24.000000
24.000000
24.000000
24.000000
100.000000
24.000000
82.000000
61.000000
45.000000
24.000000
22.000000
24.000000
100.000000
35.000000
49.000000
90.000000
47.000000
60.000000
24.000000
55.000000
100.000000
60.000000
