27.000000
22.000000
22.000000
34.000000
22.000000
22.000000
22.000000
30.000000
22.000000
22.000000
22.000000
22.000000
22.000000
22.000000
55.000000
22.000000
22.000000
24.000000
24.000000
22.000000
22.000000
22.000000
22.000000
22.000000
27.000000
22.000000
22.000000
24.000000
100.000000
22.000000
22.000000
24.000000
22.000000
27.000000
32.000000
37.000000
22.000000
22.000000
37.000000
24.000000
22.000000
72.000000
27.000000
27.000000
22.000000
41.000000
75.000000
22.000000
24.000000
22.000000
85.000000
24.000000
38.000000
22.000000
65.000000
22.000000
22.000000
70.000000
100.000000
24.000000
100.000000
99.000000
33.000000
22.000000
31.000000
55.000000
22.000000
32.000000
100.000000
27.000000
58.000000
27.000000
22.000000
22.000000
100.000000
24.000000
48.000000
100.000000
24.000000
22.000000
100.000000
32.000000
100.000000
22.000000
24.000000
56.000000
100.000000
22.000000
50.000000
22.000000
100.000000
100.000000
22.000000
48.000000
27.000000
22.000000
27.000000
100.000000
100.000000
24.000000
22.000000
100.000000
100.000000
33.000000
54.000000
68.000000
31.000000
64.000000
67.000000
78.000000
41.000000
100.000000
33.000000
100.000000
95.000000
32.000000
98.000000
35.000000
61.000000
41.000000
