22.000000
24.000000
22.000000
24.000000
22.000000
22.000000
22.000000
22.000000
24.000000
24.000000
22.000000
22.000000
47.000000
22.000000
22.000000
24.000000
24.000000
22.000000
24.000000
22.000000
22.000000
22.000000
24.000000
22.000000
22.000000
22.000000
24.000000
44.000000
22.000000
22.000000
24.000000
22.000000
24.000000
22.000000
27.000000
24.000000
24.000000
22.000000
27.000000
22.000000
22.000000
24.000000
83.000000
24.000000
24.000000
24.000000
24.000000
24.000000
22.000000
95.000000
45.000000
24.000000
98.000000
100.000000
35.000000
38.000000
24.000000
49.000000
47.000000
22.000000
24.000000
81.000000
44.000000
65.000000
24.000000
75.000000
22.000000
46.000000
92.000000
100.000000
24.000000
61.000000
53.000000
77.000000
24.000000
71.000000
24.000000
41.000000
24.000000
33.000000
24.000000
37.000000
49.000000
22.000000
42.000000
66.000000
31.000000
24.000000
52.000000
24.000000
24.000000
31.000000
24.000000
38.000000
24.000000
24.000000
24.000000
49.000000
100.000000
100.000000
44.000000
45.000000
90.000000
94.000000
42.000000
30.000000
30.000000
83.000000
83.000000
38.000000
100.000000
71.000000
24.000000
58.000000
22.000000
50.000000
24.000000
43.000000
24.000000
24.000000
