22.000000
22.000000
22.000000
24.000000
22.000000
27.000000
22.000000
24.000000
24.000000
24.000000
27.000000
22.000000
27.000000
22.000000
27.000000
24.000000
22.000000
22.000000
24.000000
22.000000
27.000000
22.000000
84.000000
24.000000
22.000000
22.000000
22.000000
29.000000
22.000000
40.000000
27.000000
44.000000
22.000000
52.000000
27.000000
22.000000
30.000000
49.000000
32.000000
22.000000
22.000000
24.000000
31.000000
59.000000
44.000000
24.000000
55.000000
27.000000
34.000000
30.000000
24.000000
39.000000
22.000000
22.000000
27.000000
100.000000
100.000000
100.000000
22.000000
100.000000
32.000000
35.000000
66.000000
40.000000
30.000000
43.000000
31.000000
22.000000
64.000000
24.000000
75.000000
22.000000
30.000000
32.000000
100.000000
22.000000
41.000000
59.000000
22.000000
100.000000
22.000000
22.000000
66.000000
49.000000
22.000000
100.000000
100.000000
36.000000
78.000000
48.000000
97.000000
50.000000
100.000000
94.000000
84.000000
43.000000
38.000000
24.000000
72.000000
67.000000
100.000000
80.000000
24.000000
54.000000
40.000000
22.000000
100.000000
79.000000
27.000000
27.000000
53.000000
41.000000
54.000000
75.000000
73.000000
70.000000
100.000000
100.000000
100.000000
24.000000
