24.000000
22.000000
22.000000
22.000000
24.000000
22.000000
22.000000
35.000000
24.000000
22.000000
24.000000
22.000000
22.000000
22.000000
24.000000
60.000000
22.000000
22.000000
32.000000
22.000000
22.000000
22.000000
22.000000
24.000000
29.000000
22.000000
41.000000
22.000000
22.000000
22.000000
22.000000
24.000000
49.000000
24.000000
24.000000
22.000000
22.000000
24.000000
22.000000
40.000000
22.000000
31.000000
100.000000
46.000000
36.000000
22.000000
81.000000
69.000000
22.000000
22.000000
43.000000
84.000000
22.000000
37.000000
33.000000
31.000000
95.000000
66.000000
31.000000
24.000000
100.000000
22.000000
44.000000
24.000000
67.000000
41.000000
24.000000
44.000000
24.000000
62.000000
100.000000
30.000000
24.000000
62.000000
95.000000
72.000000
100.000000
27.000000
49.000000
22.000000
40.000000
58.000000
46.000000
24.000000
100.000000
92.000000
22.000000
71.000000
50.000000
100.000000
63.000000
24.000000
96.000000
30.000000
24.000000
100.000000
41.000000
24.000000
72.000000
47.000000
42.000000
72.000000
41.000000
40.000000
60.000000
24.000000
70.000000
59.000000
85.000000
64.000000
65.000000
35.000000
27.000000
51.000000
60.000000
38.000000
85.000000
85.000000
42.000000
63.000000
