22.000000
22.000000
22.000000
22.000000
22.000000
22.000000
22.000000
22.000000
22.000000
22.000000
22.000000
22.000000
22.000000
22.000000
22.000000
22.000000
24.000000
22.000000
27.000000
22.000000
27.000000
27.000000
22.000000
27.000000
22.000000
27.000000
42.000000
41.000000
22.000000
27.000000
27.000000
22.000000
27.000000
22.000000
22.000000
37.000000
22.000000
22.000000
68.000000
100.000000
22.000000
22.000000
22.000000
22.000000
72.000000
61.000000
22.000000
22.000000
22.000000
60.000000
79.000000
70.000000
22.000000
22.000000
55.000000
81.000000
100.000000
36.000000
22.000000
74.000000
100.000000
24.000000
41.000000
24.000000
27.000000
85.000000
100.000000
100.000000
32.000000
62.000000
100.000000
92.000000
35.000000
71.000000
100.000000
100.000000
53.000000
24.000000
91.000000
100.000000
33.000000
62.000000
82.000000
30.000000
99.000000
71.000000
24.000000
81.000000
100.000000
100.000000
100.000000
24.000000
82.000000
24.000000
100.000000
33.000000
100.000000
65.000000
100.000000
43.000000
24.000000
30.000000
24.000000
22.000000
83.000000
31.000000
56.000000
22.000000
100.000000
24.000000
62.000000
24.000000
30.000000
24.000000
100.000000
24.000000
100.000000
54.000000
43.000000
24.000000
