22.000000
22.000000
22.000000
22.000000
22.000000
22.000000
22.000000
22.000000
22.000000
46.000000
22.000000
22.000000
22.000000
22.000000
22.000000
22.000000
24.000000
22.000000
22.000000
24.000000
39.000000
32.000000
22.000000
32.000000
31.000000
30.000000
27.000000
22.000000
100.000000
22.000000
24.000000
22.000000
47.000000
57.000000
24.000000
22.000000
22.000000
30.000000
95.000000
100.000000
39.000000
22.000000
22.000000
22.000000
22.000000
24.000000
27.000000
24.000000
45.000000
27.000000
39.000000
24.000000
47.000000
79.000000
65.000000
42.000000
22.000000
47.000000
22.000000
22.000000
59.000000
22.000000
65.000000
27.000000
39.000000
78.000000
49.000000
100.000000
81.000000
62.000000
100.000000
35.000000
75.000000
24.000000
24.000000
100.000000
61.000000
100.000000
100.000000
39.000000
67.000000
100.000000
100.000000
22.000000
100.000000
100.000000
92.000000
22.000000
50.000000
31.000000
100.000000
91.000000
100.000000
62.000000
82.000000
66.000000
53.000000
27.000000
48.000000
100.000000
100.000000
100.000000
30.000000
100.000000
100.000000
60.000000
100.000000
31.000000
100.000000
100.000000
100.000000
22.000000
46.000000
100.000000
100.000000
91.000000
22.000000
100.000000
30.000000
48.000000
