24.000000
22.000000
22.000000
22.000000
22.000000
22.000000
27.000000
27.000000
22.000000
22.000000
24.000000
27.000000
22.000000
24.000000
27.000000
27.000000
22.000000
29.000000
67.000000
32.000000
39.000000
22.000000
22.000000
48.000000
33.000000
38.000000
22.000000
34.000000
22.000000
67.000000
43.000000
100.000000
58.000000
22.000000
27.000000
31.000000
71.000000
24.000000
79.000000
22.000000
22.000000
53.000000
22.000000
22.000000
47.000000
47.000000
70.000000
30.000000
22.000000
34.000000
45.000000
34.000000
98.000000
22.000000
27.000000
60.000000
100.000000
46.000000
100.000000
22.000000
29.000000
22.000000
22.000000
100.000000
24.000000
60.000000
62.000000
96.000000
22.000000
100.000000
100.000000
57.000000
22.000000
31.000000
22.000000
22.000000
38.000000
30.000000
100.000000
22.000000
22.000000
47.000000
100.000000
72.000000
100.000000
46.000000
24.000000
27.000000
22.000000
100.000000
89.000000
53.000000
77.000000
79.000000
44.000000
22.000000
100.000000
100.000000
77.000000
50.000000
41.000000
92.000000
32.000000
95.000000
61.000000
22.000000
56.000000
22.000000
31.000000
100.000000
47.000000
63.000000
68.000000
22.000000
56.000000
60.000000
51.000000
88.000000
31.000000
56.000000
