22.000000
22.000000
22.000000
24.000000
22.000000
22.000000
22.000000
22.000000
22.000000
22.000000
22.000000
22.000000
27.000000
24.000000
27.000000
22.000000
22.000000
27.000000
22.000000
22.000000
22.000000
22.000000
27.000000
22.000000
22.000000
22.000000
22.000000
22.000000
22.000000
22.000000
22.000000
22.000000
27.000000
22.000000
22.000000
22.000000
27.000000
22.000000
22.000000
22.000000
22.000000
22.000000
22.000000
22.000000
22.000000
24.000000
22.000000
27.000000
24.000000
24.000000
27.000000
24.000000
22.000000
27.000000
22.000000
24.000000
22.000000
22.000000
22.000000
24.000000
22.000000
22.000000
32.000000
22.000000
24.000000
22.000000
24.000000
27.000000
22.000000
24.000000
22.000000
22.000000
22.000000
22.000000
22.000000
34.000000
22.000000
27.000000
27.000000
22.000000
43.000000
22.000000
22.000000
24.000000
22.000000
40.000000
24.000000
24.000000
24.000000
80.000000
22.000000
24.000000
27.000000
24.000000
22.000000
70.000000
27.000000
24.000000
33.000000
44.000000
86.000000
22.000000
39.000000
38.000000
37.000000
22.000000
42.000000
33.000000
24.000000
35.000000
27.000000
74.000000
27.000000
36.000000
22.000000
31.000000
27.000000
84.000000
39.000000
37.000000
