22.000000
22.000000
24.000000
22.000000
22.000000
27.000000
22.000000
22.000000
22.000000
24.000000
24.000000
37.000000
22.000000
33.000000
24.000000
22.000000
22.000000
41.000000
22.000000
22.000000
45.000000
22.000000
24.000000
27.000000
27.000000
27.000000
33.000000
59.000000
46.000000
22.000000
27.000000
33.000000
100.000000
24.000000
46.000000
24.000000
22.000000
22.000000
27.000000
27.000000
79.000000
22.000000
32.000000
27.000000
27.000000
48.000000
79.000000
22.000000
22.000000
36.000000
74.000000
67.000000
95.000000
100.000000
24.000000
57.000000
62.000000
22.000000
24.000000
27.000000
42.000000
59.000000
22.000000
22.000000
100.000000
24.000000
100.000000
27.000000
24.000000
27.000000
85.000000
22.000000
24.000000
100.000000
100.000000
24.000000
46.000000
100.000000
44.000000
24.000000
75.000000
96.000000
33.000000
100.000000
100.000000
31.000000
43.000000
24.000000
52.000000
30.000000
24.000000
22.000000
66.000000
100.000000
43.000000
44.000000
84.000000
43.000000
24.000000
100.000000
27.000000
24.000000
51.000000
78.000000
100.000000
31.000000
100.000000
100.000000
69.000000
24.000000
56.000000
27.000000
77.000000
24.000000
30.000000
44.000000
24.000000
22.000000
41.000000
63.000000
