22.000000
22.000000
22.000000
22.000000
22.000000
24.000000
22.000000
24.000000
22.000000
22.000000
22.000000
22.000000
22.000000
24.000000
24.000000
22.000000
22.000000
22.000000
22.000000
31.000000
22.000000
22.000000
76.000000
41.000000
24.000000
100.000000
22.000000
24.000000
37.000000
22.000000
22.000000
24.000000
24.000000
22.000000
39.000000
22.000000
24.000000
32.000000
24.000000
100.000000
42.000000
24.000000
22.000000
43.000000
22.000000
22.000000
30.000000
44.000000
32.000000
22.000000
22.000000
22.000000
22.000000
24.000000
22.000000
22.000000
68.000000
24.000000
42.000000
24.000000
100.000000
100.000000
27.000000
64.000000
22.000000
100.000000
100.000000
32.000000
27.000000
22.000000
38.000000
22.000000
50.000000
22.000000
75.000000
63.000000
100.000000
22.000000
100.000000
100.000000
100.000000
22.000000
73.000000
67.000000
29.000000
100.000000
40.000000
34.000000
36.000000
58.000000
22.000000
30.000000
81.000000
59.000000
100.000000
27.000000
47.000000
22.000000
22.000000
74.000000
24.000000
100.000000
100.000000
22.000000
63.000000
30.000000
94.000000
47.000000
58.000000
59.000000
100.000000
100.000000
63.000000
32.000000
85.000000
45.000000
56.000000
100.000000
100.000000
100.000000
