22.000000
22.000000
22.000000
22.000000
22.000000
22.000000
22.000000
22.000000
22.000000
22.000000
22.000000
22.000000
22.000000
22.000000
22.000000
22.000000
22.000000
22.000000
22.000000
30.000000
22.000000
22.000000
22.000000
22.000000
22.000000
39.000000
22.000000
48.000000
27.000000
22.000000
40.000000
22.000000
22.000000
22.000000
45.000000
24.000000
22.000000
22.000000
22.000000
27.000000
22.000000
98.000000
22.000000
22.000000
22.000000
39.000000
31.000000
27.000000
27.000000
96.000000
64.000000
41.000000
77.000000
31.000000
24.000000
71.000000
42.000000
56.000000
22.000000
76.000000
22.000000
24.000000
51.000000
40.000000
32.000000
22.000000
22.000000
22.000000
97.000000
100.000000
100.000000
24.000000
32.000000
22.000000
22.000000
56.000000
44.000000
100.000000
56.000000
33.000000
68.000000
24.000000
70.000000
100.000000
70.000000
100.000000
70.000000
24.000000
41.000000
100.000000
41.000000
38.000000
35.000000
100.000000
22.000000
80.000000
100.000000
24.000000
51.000000
88.000000
36.000000
96.000000
100.000000
100.000000
91.000000
99.000000
100.000000
100.000000
22.000000
24.000000
44.000000
27.000000
100.000000
100.000000
100.000000
100.000000
100.000000
44.000000
100.000000
70.000000
